#==========================================================#
# CGOFMSM parameters (parametrization 2)                   #
#==========================================================#
#
# number of fuzzy steps
# ================================
9.000000000000000000e+00
# 
# 
# Cov_xy00
# ----------------------------
36.6997 2.4108 4.4330 2.4005
2.4108 6.5207 2.2936 6.4931
4.4330 2.2936 36.6997 2.4108
2.4005 6.4931 2.4108 6.5207
# 
# 
# Cov_xy01
# ----------------------------
36.6997 2.4108 0.0000 0.0000
2.4108 6.5207 0.0000 0.0000
0.0000 0.0000 34.5840 -6.9542
0.0000 0.0000 -6.9542 8.0694
# 
# 
# Cov_xy02
# ----------------------------
36.6997 2.4108 0.0000 0.0000
2.4108 6.5207 0.0000 0.0000
0.0000 0.0000 31.6241 -2.6228
0.0000 0.0000 -2.6228 6.6248
# 
# 
# Cov_xy03
# ----------------------------
36.6997 2.4108 0.0000 0.0000
2.4108 6.5207 0.0000 0.0000
0.0000 0.0000 80.2427 -12.7408
0.0000 0.0000 -12.7408 7.3878
# 
# 
# Cov_xy04
# ----------------------------
36.6997 2.4108 0.0000 0.0000
2.4108 6.5207 0.0000 0.0000
0.0000 0.0000 19.4118 -0.0284
0.0000 0.0000 -0.0284 10.2840
# 
# 
# Cov_xy05
# ----------------------------
36.6997 2.4108 0.0000 0.0000
2.4108 6.5207 0.0000 0.0000
0.0000 0.0000 16.1366 4.0839
0.0000 0.0000 4.0839 7.8047
# 
# 
# Cov_xy06
# ----------------------------
36.6997 2.4108 0.0000 0.0000
2.4108 6.5207 0.0000 0.0000
0.0000 0.0000 13.0074 2.7840
0.0000 0.0000 2.7840 15.4931
# 
# 
# Cov_xy07
# ----------------------------
36.6997 2.4108 0.0000 0.0000
2.4108 6.5207 0.0000 0.0000
0.0000 0.0000 27.8599 -15.6326
0.0000 0.0000 -15.6326 19.7743
# 
# 
# Cov_xy08
# ----------------------------
36.6997 2.4108 0.0000 0.0000
2.4108 6.5207 0.0000 0.0000
0.0000 0.0000 19.0093 -6.4963
0.0000 0.0000 -6.4963 24.5660
# 
# 
# Cov_xy09
# ----------------------------
36.6997 2.4108 0.0000 0.0000
2.4108 6.5207 0.0000 0.0000
0.0000 0.0000 21.2912 6.5541
0.0000 0.0000 6.5541 14.9102
# 
# 
# Cov_xy010
# ----------------------------
36.6997 2.4108 0.0000 0.0000
2.4108 6.5207 0.0000 0.0000
0.0000 0.0000 38.0890 0.2423
0.0000 0.0000 0.2423 19.1015
# 
# 
# Cov_xy10
# ----------------------------
34.5840 -6.9542 0.0000 -0.0000
-6.9542 8.0694 0.0000 0.0000
0.0000 0.0000 36.6997 2.4108
-0.0000 0.0000 2.4108 6.5207
# 
# 
# Cov_xy11
# ----------------------------
34.5840 -6.9542 0.0000 -0.0000
-6.9542 8.0694 0.0000 0.0000
0.0000 0.0000 34.5840 -6.9542
-0.0000 0.0000 -6.9542 8.0694
# 
# 
# Cov_xy12
# ----------------------------
34.5840 -6.9542 0.0000 -0.0000
-6.9542 8.0694 0.0000 0.0000
0.0000 0.0000 31.6241 -2.6228
-0.0000 0.0000 -2.6228 6.6248
# 
# 
# Cov_xy13
# ----------------------------
34.5840 -6.9542 0.0000 -0.0000
-6.9542 8.0694 0.0000 0.0000
0.0000 0.0000 80.2427 -12.7408
-0.0000 0.0000 -12.7408 7.3878
# 
# 
# Cov_xy14
# ----------------------------
34.5840 -6.9542 0.0000 -0.0000
-6.9542 8.0694 0.0000 0.0000
0.0000 0.0000 19.4118 -0.0284
-0.0000 0.0000 -0.0284 10.2840
# 
# 
# Cov_xy15
# ----------------------------
34.5840 -6.9542 0.0000 -0.0000
-6.9542 8.0694 0.0000 0.0000
0.0000 0.0000 16.1366 4.0839
-0.0000 0.0000 4.0839 7.8047
# 
# 
# Cov_xy16
# ----------------------------
34.5840 -6.9542 0.0000 -0.0000
-6.9542 8.0694 0.0000 0.0000
0.0000 0.0000 13.0074 2.7840
-0.0000 0.0000 2.7840 15.4931
# 
# 
# Cov_xy17
# ----------------------------
34.5840 -6.9542 0.0000 -0.0000
-6.9542 8.0694 0.0000 0.0000
0.0000 0.0000 27.8599 -15.6326
-0.0000 0.0000 -15.6326 19.7743
# 
# 
# Cov_xy18
# ----------------------------
34.5840 -6.9542 0.0000 -0.0000
-6.9542 8.0694 0.0000 0.0000
0.0000 0.0000 19.0093 -6.4963
-0.0000 0.0000 -6.4963 24.5660
# 
# 
# Cov_xy19
# ----------------------------
34.5840 -6.9542 0.0000 -0.0000
-6.9542 8.0694 0.0000 0.0000
0.0000 0.0000 21.2912 6.5541
-0.0000 0.0000 6.5541 14.9102
# 
# 
# Cov_xy110
# ----------------------------
34.5840 -6.9542 0.0000 -0.0000
-6.9542 8.0694 0.0000 0.0000
0.0000 0.0000 38.0890 0.2423
-0.0000 0.0000 0.2423 19.1015
# 
# 
# Cov_xy20
# ----------------------------
31.6241 -2.6228 11.0383 -2.5722
-2.6228 6.6248 3.1648 6.4970
11.0383 3.1648 36.6997 2.4108
-2.5722 6.4970 2.4108 6.5207
# 
# 
# Cov_xy21
# ----------------------------
31.6241 -2.6228 0.0000 -0.0000
-2.6228 6.6248 0.0000 0.0000
0.0000 0.0000 34.5840 -6.9542
-0.0000 0.0000 -6.9542 8.0694
# 
# 
# Cov_xy22
# ----------------------------
31.6241 -2.6228 2.1998 -2.6103
-2.6228 6.6248 -1.8494 6.5932
2.1998 -1.8494 31.6241 -2.6228
-2.6103 6.5932 -2.6228 6.6248
# 
# 
# Cov_xy23
# ----------------------------
31.6241 -2.6228 24.3884 -0.1425
-2.6228 6.6248 0.8560 0.3600
24.3884 0.8560 80.2427 -12.7408
-0.1425 0.3600 -12.7408 7.3878
# 
# 
# Cov_xy24
# ----------------------------
31.6241 -2.6228 0.0000 -0.0000
-2.6228 6.6248 0.0000 0.0000
0.0000 0.0000 19.4118 -0.0284
-0.0000 0.0000 -0.0284 10.2840
# 
# 
# Cov_xy25
# ----------------------------
31.6241 -2.6228 0.0000 -0.0000
-2.6228 6.6248 0.0000 0.0000
0.0000 0.0000 16.1366 4.0839
-0.0000 0.0000 4.0839 7.8047
# 
# 
# Cov_xy26
# ----------------------------
31.6241 -2.6228 0.0000 -0.0000
-2.6228 6.6248 0.0000 0.0000
0.0000 0.0000 13.0074 2.7840
-0.0000 0.0000 2.7840 15.4931
# 
# 
# Cov_xy27
# ----------------------------
31.6241 -2.6228 0.0000 -0.0000
-2.6228 6.6248 0.0000 0.0000
0.0000 0.0000 27.8599 -15.6326
-0.0000 0.0000 -15.6326 19.7743
# 
# 
# Cov_xy28
# ----------------------------
31.6241 -2.6228 0.0000 -0.0000
-2.6228 6.6248 0.0000 0.0000
0.0000 0.0000 19.0093 -6.4963
-0.0000 0.0000 -6.4963 24.5660
# 
# 
# Cov_xy29
# ----------------------------
31.6241 -2.6228 0.0000 -0.0000
-2.6228 6.6248 0.0000 0.0000
0.0000 0.0000 21.2912 6.5541
-0.0000 0.0000 6.5541 14.9102
# 
# 
# Cov_xy210
# ----------------------------
31.6241 -2.6228 0.0000 -0.0000
-2.6228 6.6248 0.0000 0.0000
0.0000 0.0000 38.0890 0.2423
-0.0000 0.0000 0.2423 19.1015
# 
# 
# Cov_xy30
# ----------------------------
80.2427 -12.7408 0.0000 -0.0000
-12.7408 7.3878 0.0000 0.0000
0.0000 0.0000 36.6997 2.4108
-0.0000 0.0000 2.4108 6.5207
# 
# 
# Cov_xy31
# ----------------------------
80.2427 -12.7408 0.0000 -0.0000
-12.7408 7.3878 0.0000 0.0000
0.0000 0.0000 34.5840 -6.9542
-0.0000 0.0000 -6.9542 8.0694
# 
# 
# Cov_xy32
# ----------------------------
80.2427 -12.7408 0.0000 -0.0000
-12.7408 7.3878 0.0000 0.0000
0.0000 0.0000 31.6241 -2.6228
-0.0000 0.0000 -2.6228 6.6248
# 
# 
# Cov_xy33
# ----------------------------
80.2427 -12.7408 0.0000 -0.0000
-12.7408 7.3878 0.0000 0.0000
0.0000 0.0000 80.2427 -12.7408
-0.0000 0.0000 -12.7408 7.3878
# 
# 
# Cov_xy34
# ----------------------------
80.2427 -12.7408 0.0000 -0.0000
-12.7408 7.3878 0.0000 0.0000
0.0000 0.0000 19.4118 -0.0284
-0.0000 0.0000 -0.0284 10.2840
# 
# 
# Cov_xy35
# ----------------------------
80.2427 -12.7408 0.0000 -0.0000
-12.7408 7.3878 0.0000 0.0000
0.0000 0.0000 16.1366 4.0839
-0.0000 0.0000 4.0839 7.8047
# 
# 
# Cov_xy36
# ----------------------------
80.2427 -12.7408 0.0000 -0.0000
-12.7408 7.3878 0.0000 0.0000
0.0000 0.0000 13.0074 2.7840
-0.0000 0.0000 2.7840 15.4931
# 
# 
# Cov_xy37
# ----------------------------
80.2427 -12.7408 0.0000 -0.0000
-12.7408 7.3878 0.0000 0.0000
0.0000 0.0000 27.8599 -15.6326
-0.0000 0.0000 -15.6326 19.7743
# 
# 
# Cov_xy38
# ----------------------------
80.2427 -12.7408 0.0000 -0.0000
-12.7408 7.3878 0.0000 0.0000
0.0000 0.0000 19.0093 -6.4963
-0.0000 0.0000 -6.4963 24.5660
# 
# 
# Cov_xy39
# ----------------------------
80.2427 -12.7408 0.0000 -0.0000
-12.7408 7.3878 0.0000 0.0000
0.0000 0.0000 21.2912 6.5541
-0.0000 0.0000 6.5541 14.9102
# 
# 
# Cov_xy310
# ----------------------------
80.2427 -12.7408 0.0000 -0.0000
-12.7408 7.3878 0.0000 0.0000
0.0000 0.0000 38.0890 0.2423
-0.0000 0.0000 0.2423 19.1015
# 
# 
# Cov_xy40
# ----------------------------
19.4118 -0.0284 0.0000 -0.0000
-0.0284 10.2840 0.0000 0.0000
0.0000 0.0000 36.6997 2.4108
-0.0000 0.0000 2.4108 6.5207
# 
# 
# Cov_xy41
# ----------------------------
19.4118 -0.0284 0.0000 -0.0000
-0.0284 10.2840 0.0000 0.0000
0.0000 0.0000 34.5840 -6.9542
-0.0000 0.0000 -6.9542 8.0694
# 
# 
# Cov_xy42
# ----------------------------
19.4118 -0.0284 0.0000 -0.0000
-0.0284 10.2840 0.0000 0.0000
0.0000 0.0000 31.6241 -2.6228
-0.0000 0.0000 -2.6228 6.6248
# 
# 
# Cov_xy43
# ----------------------------
19.4118 -0.0284 0.0000 -0.0000
-0.0284 10.2840 0.0000 0.0000
0.0000 0.0000 80.2427 -12.7408
-0.0000 0.0000 -12.7408 7.3878
# 
# 
# Cov_xy44
# ----------------------------
19.4118 -0.0284 0.7183 -0.0277
-0.0284 10.2840 -1.2556 10.0118
0.7183 -1.2556 19.4118 -0.0284
-0.0277 10.0118 -0.0284 10.2840
# 
# 
# Cov_xy45
# ----------------------------
19.4118 -0.0284 0.0000 -0.0000
-0.0284 10.2840 0.0000 0.0000
0.0000 0.0000 16.1366 4.0839
-0.0000 0.0000 4.0839 7.8047
# 
# 
# Cov_xy46
# ----------------------------
19.4118 -0.0284 -1.2322 -0.0201
-0.0284 10.2840 0.6000 7.2716
-1.2322 0.6000 13.0074 2.7840
-0.0201 7.2716 2.7840 15.4931
# 
# 
# Cov_xy47
# ----------------------------
19.4118 -0.0284 -0.0814 -0.0091
-0.0284 10.2840 -6.6857 3.2857
-0.0814 -6.6857 27.8599 -15.6326
-0.0091 3.2857 -15.6326 19.7743
# 
# 
# Cov_xy48
# ----------------------------
19.4118 -0.0284 0.0000 -0.0000
-0.0284 10.2840 0.0000 0.0000
0.0000 0.0000 19.0093 -6.4963
-0.0000 0.0000 -6.4963 24.5660
# 
# 
# Cov_xy49
# ----------------------------
19.4118 -0.0284 0.0000 -0.0000
-0.0284 10.2840 0.0000 0.0000
0.0000 0.0000 21.2912 6.5541
-0.0000 0.0000 6.5541 14.9102
# 
# 
# Cov_xy410
# ----------------------------
19.4118 -0.0284 0.0000 -0.0000
-0.0284 10.2840 0.0000 0.0000
0.0000 0.0000 38.0890 0.2423
-0.0000 0.0000 0.2423 19.1015
# 
# 
# Cov_xy50
# ----------------------------
16.1366 4.0839 0.0000 0.0000
4.0839 7.8047 0.0000 0.0000
0.0000 0.0000 36.6997 2.4108
0.0000 0.0000 2.4108 6.5207
# 
# 
# Cov_xy51
# ----------------------------
16.1366 4.0839 0.0000 0.0000
4.0839 7.8047 0.0000 0.0000
0.0000 0.0000 34.5840 -6.9542
0.0000 0.0000 -6.9542 8.0694
# 
# 
# Cov_xy52
# ----------------------------
16.1366 4.0839 0.0000 0.0000
4.0839 7.8047 0.0000 0.0000
0.0000 0.0000 31.6241 -2.6228
0.0000 0.0000 -2.6228 6.6248
# 
# 
# Cov_xy53
# ----------------------------
16.1366 4.0839 0.0000 0.0000
4.0839 7.8047 0.0000 0.0000
0.0000 0.0000 80.2427 -12.7408
0.0000 0.0000 -12.7408 7.3878
# 
# 
# Cov_xy54
# ----------------------------
16.1366 4.0839 0.0000 0.0000
4.0839 7.8047 0.0000 0.0000
0.0000 0.0000 19.4118 -0.0284
0.0000 0.0000 -0.0284 10.2840
# 
# 
# Cov_xy55
# ----------------------------
16.1366 4.0839 5.1942 3.7232
4.0839 7.8047 3.9269 7.1154
5.1942 3.9269 16.1366 4.0839
3.7232 7.1154 4.0839 7.8047
# 
# 
# Cov_xy56
# ----------------------------
16.1366 4.0839 0.0000 0.0000
4.0839 7.8047 0.0000 0.0000
0.0000 0.0000 13.0074 2.7840
0.0000 0.0000 2.7840 15.4931
# 
# 
# Cov_xy57
# ----------------------------
16.1366 4.0839 0.0000 0.0000
4.0839 7.8047 0.0000 0.0000
0.0000 0.0000 27.8599 -15.6326
0.0000 0.0000 -15.6326 19.7743
# 
# 
# Cov_xy58
# ----------------------------
16.1366 4.0839 0.0000 0.0000
4.0839 7.8047 0.0000 0.0000
0.0000 0.0000 19.0093 -6.4963
0.0000 0.0000 -6.4963 24.5660
# 
# 
# Cov_xy59
# ----------------------------
16.1366 4.0839 0.0000 0.0000
4.0839 7.8047 0.0000 0.0000
0.0000 0.0000 21.2912 6.5541
0.0000 0.0000 6.5541 14.9102
# 
# 
# Cov_xy510
# ----------------------------
16.1366 4.0839 0.0000 0.0000
4.0839 7.8047 0.0000 0.0000
0.0000 0.0000 38.0890 0.2423
0.0000 0.0000 0.2423 19.1015
# 
# 
# Cov_xy60
# ----------------------------
13.0074 2.7840 0.0000 0.0000
2.7840 15.4931 0.0000 0.0000
0.0000 0.0000 36.6997 2.4108
0.0000 0.0000 2.4108 6.5207
# 
# 
# Cov_xy61
# ----------------------------
13.0074 2.7840 0.0000 0.0000
2.7840 15.4931 0.0000 0.0000
0.0000 0.0000 34.5840 -6.9542
0.0000 0.0000 -6.9542 8.0694
# 
# 
# Cov_xy62
# ----------------------------
13.0074 2.7840 0.0000 0.0000
2.7840 15.4931 0.0000 0.0000
0.0000 0.0000 31.6241 -2.6228
0.0000 0.0000 -2.6228 6.6248
# 
# 
# Cov_xy63
# ----------------------------
13.0074 2.7840 0.0000 0.0000
2.7840 15.4931 0.0000 0.0000
0.0000 0.0000 80.2427 -12.7408
0.0000 0.0000 -12.7408 7.3878
# 
# 
# Cov_xy64
# ----------------------------
13.0074 2.7840 0.6848 2.1905
2.7840 15.4931 2.5260 12.1900
0.6848 2.5260 19.4118 -0.0284
2.1905 12.1900 -0.0284 10.2840
# 
# 
# Cov_xy65
# ----------------------------
13.0074 2.7840 0.0000 0.0000
2.7840 15.4931 0.0000 0.0000
0.0000 0.0000 16.1366 4.0839
0.0000 0.0000 4.0839 7.8047
# 
# 
# Cov_xy66
# ----------------------------
13.0074 2.7840 7.8875 2.5320
2.7840 15.4931 1.3528 14.0903
7.8875 1.3528 13.0074 2.7840
2.5320 14.0903 2.7840 15.4931
# 
# 
# Cov_xy67
# ----------------------------
13.0074 2.7840 8.6064 2.3063
2.7840 15.4931 -6.5570 12.8347
8.6064 -6.5570 27.8599 -15.6326
2.3063 12.8347 -15.6326 19.7743
# 
# 
# Cov_xy68
# ----------------------------
13.0074 2.7840 8.1650 0.6589
2.7840 15.4931 6.4667 3.6667
8.1650 6.4667 19.0093 -6.4963
0.6589 3.6667 -6.4963 24.5660
# 
# 
# Cov_xy69
# ----------------------------
13.0074 2.7840 11.8216 1.8257
2.7840 15.4931 4.6960 10.1600
11.8216 4.6960 21.2912 6.5541
1.8257 10.1600 6.5541 14.9102
# 
# 
# Cov_xy610
# ----------------------------
13.0074 2.7840 0.0000 0.0000
2.7840 15.4931 0.0000 0.0000
0.0000 0.0000 38.0890 0.2423
0.0000 0.0000 0.2423 19.1015
# 
# 
# Cov_xy70
# ----------------------------
27.8599 -15.6326 0.0000 -0.0000
-15.6326 19.7743 0.0000 0.0000
0.0000 0.0000 36.6997 2.4108
-0.0000 0.0000 2.4108 6.5207
# 
# 
# Cov_xy71
# ----------------------------
27.8599 -15.6326 0.0000 -0.0000
-15.6326 19.7743 0.0000 0.0000
0.0000 0.0000 34.5840 -6.9542
-0.0000 0.0000 -6.9542 8.0694
# 
# 
# Cov_xy72
# ----------------------------
27.8599 -15.6326 0.0000 -0.0000
-15.6326 19.7743 0.0000 0.0000
0.0000 0.0000 31.6241 -2.6228
-0.0000 0.0000 -2.6228 6.6248
# 
# 
# Cov_xy73
# ----------------------------
27.8599 -15.6326 0.0000 -0.0000
-15.6326 19.7743 0.0000 0.0000
0.0000 0.0000 80.2427 -12.7408
-0.0000 0.0000 -12.7408 7.3878
# 
# 
# Cov_xy74
# ----------------------------
27.8599 -15.6326 0.0000 -0.0000
-15.6326 19.7743 0.0000 0.0000
0.0000 0.0000 19.4118 -0.0284
-0.0000 0.0000 -0.0284 10.2840
# 
# 
# Cov_xy75
# ----------------------------
27.8599 -15.6326 0.0000 -0.0000
-15.6326 19.7743 0.0000 0.0000
0.0000 0.0000 16.1366 4.0839
-0.0000 0.0000 4.0839 7.8047
# 
# 
# Cov_xy76
# ----------------------------
27.8599 -15.6326 0.0000 -0.0000
-15.6326 19.7743 0.0000 0.0000
0.0000 0.0000 13.0074 2.7840
-0.0000 0.0000 2.7840 15.4931
# 
# 
# Cov_xy77
# ----------------------------
27.8599 -15.6326 20.0350 -15.3609
-15.6326 19.7743 -15.7028 19.4306
20.0350 -15.7028 27.8599 -15.6326
-15.3609 19.4306 -15.6326 19.7743
# 
# 
# Cov_xy78
# ----------------------------
27.8599 -15.6326 -3.3216 -12.7188
-15.6326 19.7743 -0.2701 16.0884
-3.3216 -0.2701 19.0093 -6.4963
-12.7188 16.0884 -6.4963 24.5660
# 
# 
# Cov_xy79
# ----------------------------
27.8599 -15.6326 0.0000 -0.0000
-15.6326 19.7743 0.0000 0.0000
0.0000 0.0000 21.2912 6.5541
-0.0000 0.0000 6.5541 14.9102
# 
# 
# Cov_xy710
# ----------------------------
27.8599 -15.6326 0.0000 -0.0000
-15.6326 19.7743 0.0000 0.0000
0.0000 0.0000 38.0890 0.2423
-0.0000 0.0000 0.2423 19.1015
# 
# 
# Cov_xy80
# ----------------------------
19.0093 -6.4963 0.0000 -0.0000
-6.4963 24.5660 0.0000 0.0000
0.0000 0.0000 36.6997 2.4108
-0.0000 0.0000 2.4108 6.5207
# 
# 
# Cov_xy81
# ----------------------------
19.0093 -6.4963 0.0000 -0.0000
-6.4963 24.5660 0.0000 0.0000
0.0000 0.0000 34.5840 -6.9542
-0.0000 0.0000 -6.9542 8.0694
# 
# 
# Cov_xy82
# ----------------------------
19.0093 -6.4963 0.0000 -0.0000
-6.4963 24.5660 0.0000 0.0000
0.0000 0.0000 31.6241 -2.6228
-0.0000 0.0000 -2.6228 6.6248
# 
# 
# Cov_xy83
# ----------------------------
19.0093 -6.4963 0.0000 -0.0000
-6.4963 24.5660 0.0000 0.0000
0.0000 0.0000 80.2427 -12.7408
-0.0000 0.0000 -12.7408 7.3878
# 
# 
# Cov_xy84
# ----------------------------
19.0093 -6.4963 0.0000 -0.0000
-6.4963 24.5660 0.0000 0.0000
0.0000 0.0000 19.4118 -0.0284
-0.0000 0.0000 -0.0284 10.2840
# 
# 
# Cov_xy85
# ----------------------------
19.0093 -6.4963 1.9813 -2.3800
-6.4963 24.5660 12.6000 9.0000
1.9813 12.6000 16.1366 4.0839
-2.3800 9.0000 4.0839 7.8047
# 
# 
# Cov_xy86
# ----------------------------
19.0093 -6.4963 0.0000 -0.0000
-6.4963 24.5660 0.0000 0.0000
0.0000 0.0000 13.0074 2.7840
-0.0000 0.0000 2.7840 15.4931
# 
# 
# Cov_xy87
# ----------------------------
19.0093 -6.4963 0.0000 -0.0000
-6.4963 24.5660 0.0000 0.0000
0.0000 0.0000 27.8599 -15.6326
-0.0000 0.0000 -15.6326 19.7743
# 
# 
# Cov_xy88
# ----------------------------
19.0093 -6.4963 4.6483 -6.3108
-6.4963 24.5660 -7.7172 23.8644
4.6483 -7.7172 19.0093 -6.4963
-6.3108 23.8644 -6.4963 24.5660
# 
# 
# Cov_xy89
# ----------------------------
19.0093 -6.4963 1.4523 -4.4048
-6.4963 24.5660 4.3231 16.6568
1.4523 4.3231 21.2912 6.5541
-4.4048 16.6568 6.5541 14.9102
# 
# 
# Cov_xy810
# ----------------------------
19.0093 -6.4963 0.0000 -0.0000
-6.4963 24.5660 0.0000 0.0000
0.0000 0.0000 38.0890 0.2423
-0.0000 0.0000 0.2423 19.1015
# 
# 
# Cov_xy90
# ----------------------------
21.2912 6.5541 0.0000 0.0000
6.5541 14.9102 0.0000 0.0000
0.0000 0.0000 36.6997 2.4108
0.0000 0.0000 2.4108 6.5207
# 
# 
# Cov_xy91
# ----------------------------
21.2912 6.5541 0.0000 0.0000
6.5541 14.9102 0.0000 0.0000
0.0000 0.0000 34.5840 -6.9542
0.0000 0.0000 -6.9542 8.0694
# 
# 
# Cov_xy92
# ----------------------------
21.2912 6.5541 0.0000 0.0000
6.5541 14.9102 0.0000 0.0000
0.0000 0.0000 31.6241 -2.6228
0.0000 0.0000 -2.6228 6.6248
# 
# 
# Cov_xy93
# ----------------------------
21.2912 6.5541 0.0000 0.0000
6.5541 14.9102 0.0000 0.0000
0.0000 0.0000 80.2427 -12.7408
0.0000 0.0000 -12.7408 7.3878
# 
# 
# Cov_xy94
# ----------------------------
21.2912 6.5541 0.0000 0.0000
6.5541 14.9102 0.0000 0.0000
0.0000 0.0000 19.4118 -0.0284
0.0000 0.0000 -0.0284 10.2840
# 
# 
# Cov_xy95
# ----------------------------
21.2912 6.5541 0.0000 0.0000
6.5541 14.9102 0.0000 0.0000
0.0000 0.0000 16.1366 4.0839
0.0000 0.0000 4.0839 7.8047
# 
# 
# Cov_xy96
# ----------------------------
21.2912 6.5541 0.0000 0.0000
6.5541 14.9102 0.0000 0.0000
0.0000 0.0000 13.0074 2.7840
0.0000 0.0000 2.7840 15.4931
# 
# 
# Cov_xy97
# ----------------------------
21.2912 6.5541 0.0000 0.0000
6.5541 14.9102 0.0000 0.0000
0.0000 0.0000 27.8599 -15.6326
0.0000 0.0000 -15.6326 19.7743
# 
# 
# Cov_xy98
# ----------------------------
21.2912 6.5541 0.0000 0.0000
6.5541 14.9102 0.0000 0.0000
0.0000 0.0000 19.0093 -6.4963
0.0000 0.0000 -6.4963 24.5660
# 
# 
# Cov_xy99
# ----------------------------
21.2912 6.5541 8.5079 6.3183
6.5541 14.9102 6.1790 14.3739
8.5079 6.1790 21.2912 6.5541
6.3183 14.3739 6.5541 14.9102
# 
# 
# Cov_xy910
# ----------------------------
21.2912 6.5541 3.5450 5.5232
6.5541 14.9102 6.4305 12.5651
3.5450 6.4305 38.0890 0.2423
5.5232 12.5651 0.2423 19.1015
# 
# 
# Cov_xy100
# ----------------------------
38.0890 0.2423 0.0000 0.0000
0.2423 19.1015 0.0000 0.0000
0.0000 0.0000 36.6997 2.4108
0.0000 0.0000 2.4108 6.5207
# 
# 
# Cov_xy101
# ----------------------------
38.0890 0.2423 0.0000 0.0000
0.2423 19.1015 0.0000 0.0000
0.0000 0.0000 34.5840 -6.9542
0.0000 0.0000 -6.9542 8.0694
# 
# 
# Cov_xy102
# ----------------------------
38.0890 0.2423 0.0000 0.0000
0.2423 19.1015 0.0000 0.0000
0.0000 0.0000 31.6241 -2.6228
0.0000 0.0000 -2.6228 6.6248
# 
# 
# Cov_xy103
# ----------------------------
38.0890 0.2423 0.0000 0.0000
0.2423 19.1015 0.0000 0.0000
0.0000 0.0000 80.2427 -12.7408
0.0000 0.0000 -12.7408 7.3878
# 
# 
# Cov_xy104
# ----------------------------
38.0890 0.2423 0.0000 0.0000
0.2423 19.1015 0.0000 0.0000
0.0000 0.0000 19.4118 -0.0284
0.0000 0.0000 -0.0284 10.2840
# 
# 
# Cov_xy105
# ----------------------------
38.0890 0.2423 0.0000 0.0000
0.2423 19.1015 0.0000 0.0000
0.0000 0.0000 16.1366 4.0839
0.0000 0.0000 4.0839 7.8047
# 
# 
# Cov_xy106
# ----------------------------
38.0890 0.2423 0.0000 0.0000
0.2423 19.1015 0.0000 0.0000
0.0000 0.0000 13.0074 2.7840
0.0000 0.0000 2.7840 15.4931
# 
# 
# Cov_xy107
# ----------------------------
38.0890 0.2423 0.0000 0.0000
0.2423 19.1015 0.0000 0.0000
0.0000 0.0000 27.8599 -15.6326
0.0000 0.0000 -15.6326 19.7743
# 
# 
# Cov_xy108
# ----------------------------
38.0890 0.2423 0.0000 0.0000
0.2423 19.1015 0.0000 0.0000
0.0000 0.0000 19.0093 -6.4963
0.0000 0.0000 -6.4963 24.5660
# 
# 
# Cov_xy109
# ----------------------------
38.0890 0.2423 0.0000 0.0000
0.2423 19.1015 0.0000 0.0000
0.0000 0.0000 21.2912 6.5541
0.0000 0.0000 6.5541 14.9102
# 
# 
# Cov_xy1010
# ----------------------------
38.0890 0.2423 -2.8584 0.2398
0.2423 19.1015 2.6366 18.9040
-2.8584 2.6366 38.0890 0.2423
0.2398 18.9040 0.2423 19.1015
# 
# 
# mean of X
# ================================
190.7827
276.4571
209.2895
234.8615
311.2878
295.3809
324.7469
337.8102
354.5303
369.5530
387.3396
# 
# 
# mean of Y
# ================================
60.7182
61.4286
62.3772
62.8462
65.3902
65.5319
66.8980
68.3898
70.4474
72.0602
73.6226
# 
# 
