#==========================================================#
# CGOFMSM parameters (parametrization 2)                   #
#==========================================================#
#
#
# fuzzy parameters
# ================================
4bis:0.1364:0.0000:0.1000:0.6710
#
#
# number of fuzzy steps
# ================================
4.000000000000000000e+00
# 
# 
# Cov_xy00
# ----------------------------
38.2300 2.1756 1.7339 2.1634
2.1756 6.3559 2.6545 6.3202
1.7339 2.6545 38.2300 2.1756
2.1634 6.3202 2.1756 6.3559
# 
# 
# Cov_xy01
# ----------------------------
38.2300 2.1756 0.0000 0.0000
2.1756 6.3559 0.0000 0.0000
0.0000 0.0000 31.7387 -3.0992
0.0000 0.0000 -3.0992 6.2476
# 
# 
# Cov_xy02
# ----------------------------
38.2300 2.1756 0.0000 0.0000
2.1756 6.3559 0.0000 0.0000
0.0000 0.0000 162.0740 -4.7574
0.0000 0.0000 -4.7574 9.5062
# 
# 
# Cov_xy03
# ----------------------------
38.2300 2.1756 0.0000 0.0000
2.1756 6.3559 0.0000 0.0000
0.0000 0.0000 105.2457 17.1859
0.0000 0.0000 17.1859 12.9147
# 
# 
# Cov_xy04
# ----------------------------
38.2300 2.1756 0.0000 0.0000
2.1756 6.3559 0.0000 0.0000
0.0000 0.0000 103.4804 11.8958
0.0000 0.0000 11.8958 18.2870
# 
# 
# Cov_xy05
# ----------------------------
38.2300 2.1756 0.0000 0.0000
2.1756 6.3559 0.0000 0.0000
0.0000 0.0000 127.0259 13.3060
0.0000 0.0000 13.3060 19.9647
# 
# 
# Cov_xy10
# ----------------------------
31.7387 -3.0992 0.0000 -0.0000
-3.0992 6.2476 0.0000 0.0000
0.0000 0.0000 38.2300 2.1756
-0.0000 0.0000 2.1756 6.3559
# 
# 
# Cov_xy11
# ----------------------------
31.7387 -3.0992 2.5929 -3.0864
-3.0992 6.2476 -2.9890 6.2218
2.5929 -2.9890 31.7387 -3.0992
-3.0864 6.2218 -3.0992 6.2476
# 
# 
# Cov_xy12
# ----------------------------
31.7387 -3.0992 9.1128 -0.0992
-3.0992 6.2476 -1.1400 0.2000
9.1128 -1.1400 162.0740 -4.7574
-0.0992 0.2000 -4.7574 9.5062
# 
# 
# Cov_xy13
# ----------------------------
31.7387 -3.0992 0.0000 -0.0000
-3.0992 6.2476 0.0000 0.0000
0.0000 0.0000 105.2457 17.1859
-0.0000 0.0000 17.1859 12.9147
# 
# 
# Cov_xy14
# ----------------------------
31.7387 -3.0992 0.0000 -0.0000
-3.0992 6.2476 0.0000 0.0000
0.0000 0.0000 103.4804 11.8958
-0.0000 0.0000 11.8958 18.2870
# 
# 
# Cov_xy15
# ----------------------------
31.7387 -3.0992 0.0000 -0.0000
-3.0992 6.2476 0.0000 0.0000
0.0000 0.0000 127.0259 13.3060
-0.0000 0.0000 13.3060 19.9647
# 
# 
# Cov_xy20
# ----------------------------
162.0740 -4.7574 0.0000 -0.0000
-4.7574 9.5062 0.0000 0.0000
0.0000 0.0000 38.2300 2.1756
-0.0000 0.0000 2.1756 6.3559
# 
# 
# Cov_xy21
# ----------------------------
162.0740 -4.7574 0.0000 -0.0000
-4.7574 9.5062 0.0000 0.0000
0.0000 0.0000 31.7387 -3.0992
-0.0000 0.0000 -3.0992 6.2476
# 
# 
# Cov_xy22
# ----------------------------
162.0740 -4.7574 0.0000 -0.0000
-4.7574 9.5062 0.0000 0.0000
0.0000 0.0000 162.0740 -4.7574
-0.0000 0.0000 -4.7574 9.5062
# 
# 
# Cov_xy23
# ----------------------------
162.0740 -4.7574 0.0000 -0.0000
-4.7574 9.5062 0.0000 0.0000
0.0000 0.0000 105.2457 17.1859
-0.0000 0.0000 17.1859 12.9147
# 
# 
# Cov_xy24
# ----------------------------
162.0740 -4.7574 0.0000 -0.0000
-4.7574 9.5062 0.0000 0.0000
0.0000 0.0000 103.4804 11.8958
-0.0000 0.0000 11.8958 18.2870
# 
# 
# Cov_xy25
# ----------------------------
162.0740 -4.7574 0.0000 -0.0000
-4.7574 9.5062 0.0000 0.0000
0.0000 0.0000 127.0259 13.3060
-0.0000 0.0000 13.3060 19.9647
# 
# 
# Cov_xy30
# ----------------------------
105.2457 17.1859 0.0000 0.0000
17.1859 12.9147 0.0000 0.0000
0.0000 0.0000 38.2300 2.1756
0.0000 0.0000 2.1756 6.3559
# 
# 
# Cov_xy31
# ----------------------------
105.2457 17.1859 0.0000 0.0000
17.1859 12.9147 0.0000 0.0000
0.0000 0.0000 31.7387 -3.0992
0.0000 0.0000 -3.0992 6.2476
# 
# 
# Cov_xy32
# ----------------------------
105.2457 17.1859 0.0000 0.0000
17.1859 12.9147 0.0000 0.0000
0.0000 0.0000 162.0740 -4.7574
0.0000 0.0000 -4.7574 9.5062
# 
# 
# Cov_xy33
# ----------------------------
105.2457 17.1859 64.3163 16.5249
17.1859 12.9147 16.7650 12.4180
64.3163 16.7650 105.2457 17.1859
16.5249 12.4180 17.1859 12.9147
# 
# 
# Cov_xy34
# ----------------------------
105.2457 17.1859 21.3377 11.2806
17.1859 12.9147 3.5228 8.4770
21.3377 3.5228 103.4804 11.8958
11.2806 8.4770 11.8958 18.2870
# 
# 
# Cov_xy35
# ----------------------------
105.2457 17.1859 0.0000 0.0000
17.1859 12.9147 0.0000 0.0000
0.0000 0.0000 127.0259 13.3060
0.0000 0.0000 13.3060 19.9647
# 
# 
# Cov_xy40
# ----------------------------
103.4804 11.8958 0.0000 0.0000
11.8958 18.2870 0.0000 0.0000
0.0000 0.0000 38.2300 2.1756
0.0000 0.0000 2.1756 6.3559
# 
# 
# Cov_xy41
# ----------------------------
103.4804 11.8958 0.0000 0.0000
11.8958 18.2870 0.0000 0.0000
0.0000 0.0000 31.7387 -3.0992
0.0000 0.0000 -3.0992 6.2476
# 
# 
# Cov_xy42
# ----------------------------
103.4804 11.8958 0.0000 0.0000
11.8958 18.2870 0.0000 0.0000
0.0000 0.0000 162.0740 -4.7574
0.0000 0.0000 -4.7574 9.5062
# 
# 
# Cov_xy43
# ----------------------------
103.4804 11.8958 -32.6581 6.5533
11.8958 18.2870 8.7674 10.0741
-32.6581 8.7674 105.2457 17.1859
6.5533 10.0741 17.1859 12.9147
# 
# 
# Cov_xy44
# ----------------------------
103.4804 11.8958 32.7523 11.5235
11.8958 18.2870 8.8033 17.7147
32.7523 8.8033 103.4804 11.8958
11.5235 17.7147 11.8958 18.2870
# 
# 
# Cov_xy45
# ----------------------------
103.4804 11.8958 0.0000 0.0000
11.8958 18.2870 0.0000 0.0000
0.0000 0.0000 127.0259 13.3060
0.0000 0.0000 13.3060 19.9647
# 
# 
# Cov_xy50
# ----------------------------
127.0259 13.3060 0.0000 0.0000
13.3060 19.9647 0.0000 0.0000
0.0000 0.0000 38.2300 2.1756
0.0000 0.0000 2.1756 6.3559
# 
# 
# Cov_xy51
# ----------------------------
127.0259 13.3060 0.0000 0.0000
13.3060 19.9647 0.0000 0.0000
0.0000 0.0000 31.7387 -3.0992
0.0000 0.0000 -3.0992 6.2476
# 
# 
# Cov_xy52
# ----------------------------
127.0259 13.3060 0.0000 0.0000
13.3060 19.9647 0.0000 0.0000
0.0000 0.0000 162.0740 -4.7574
0.0000 0.0000 -4.7574 9.5062
# 
# 
# Cov_xy53
# ----------------------------
127.0259 13.3060 0.0000 0.0000
13.3060 19.9647 0.0000 0.0000
0.0000 0.0000 105.2457 17.1859
0.0000 0.0000 17.1859 12.9147
# 
# 
# Cov_xy54
# ----------------------------
127.0259 13.3060 0.0000 0.0000
13.3060 19.9647 0.0000 0.0000
0.0000 0.0000 103.4804 11.8958
0.0000 0.0000 11.8958 18.2870
# 
# 
# Cov_xy55
# ----------------------------
127.0259 13.3060 58.0233 12.9994
13.3060 19.9647 15.2088 19.5046
58.0233 15.2088 127.0259 13.3060
12.9994 19.5046 13.3060 19.9647
# 
# 
# mean of X
# ================================
191.1237
210.3629
242.4833
301.6202
338.0326
372.9541
# 
# 
# mean of Y
# ================================
60.7193
62.5000
62.6250
65.2981
68.3819
72.2471
# 
# 
