#==========================================================#
# CGOFMSM parameters (parametrization 2 for interpolation) #
#==========================================================#
#
# Cov_xy00
# ----------------------------
239.2882 13.8297 79.7149 13.6855
13.8297 10.5102 13.0762 10.4006
79.7149 13.0762 239.2882 13.8297
13.6855 10.4006 13.8297 10.5102
# 
# 
# Cov_xy01
# ----------------------------
239.2882 13.8297 15.7887 14.4267
13.8297 10.5102 37.8868 10.9638
15.7887 37.8868 891.9554 84.7640
14.4267 10.9638 84.7640 26.9337
# 
# 
# Cov_xy10
# ----------------------------
891.9554 84.7640 -349.2151 26.4751
84.7640 26.9337 -45.9110 8.4125
-349.2151 -45.9110 239.2882 13.8297
26.4751 8.4125 13.8297 10.5102
# 
# 
# Cov_xy11
# ----------------------------
891.9554 84.7640 674.1766 83.0134
84.7640 26.9337 86.8281 26.3775
674.1766 86.8281 891.9554 84.7640
83.0134 26.3775 84.7640 26.9337
# 
# 
# mean of X
# ================================
200.4900
343.9587
# 
# 
# mean of Y
# ================================
59.3845
69.2166
# 
# 
