#==========================================================#
# CGOFMSM parameters (parametrization 2)                   #
#==========================================================#
#
# number of fuzzy steps
# ================================
3.000000000000000000e+00
# 
# 
# Cov_xy00
# ----------------------------
178.1357 10.3126 28.0538 10.1664
10.3126 8.0147 10.0848 7.9011
28.0538 10.0848 178.1357 10.3126
10.1664 7.9011 10.3126 8.0147
# 
# 
# Cov_xy01
# ----------------------------
178.1357 10.3126 0.0000 0.0000
10.3126 8.0147 0.0000 0.0000
0.0000 0.0000 111.9922 17.3689
0.0000 0.0000 17.3689 14.5999
# 
# 
# Cov_xy02
# ----------------------------
178.1357 10.3126 34.8125 0.1608
10.3126 8.0147 2.9250 0.1250
34.8125 2.9250 73.3266 6.2877
0.1608 0.1250 6.2877 14.0317
# 
# 
# Cov_xy03
# ----------------------------
178.1357 10.3126 0.0000 0.0000
10.3126 8.0147 0.0000 0.0000
0.0000 0.0000 58.7388 3.0089
0.0000 0.0000 3.0089 24.9533
# 
# 
# Cov_xy04
# ----------------------------
178.1357 10.3126 0.0000 0.0000
10.3126 8.0147 0.0000 0.0000
0.0000 0.0000 69.2759 2.2981
0.0000 0.0000 2.2981 13.2249
# 
# 
# Cov_xy10
# ----------------------------
111.9922 17.3689 0.0000 0.0000
17.3689 14.5999 0.0000 0.0000
0.0000 0.0000 178.1357 10.3126
0.0000 0.0000 10.3126 8.0147
# 
# 
# Cov_xy11
# ----------------------------
111.9922 17.3689 47.5834 16.9248
17.3689 14.5999 20.7754 14.2265
47.5834 20.7754 111.9922 17.3689
16.9248 14.2265 17.3689 14.5999
# 
# 
# Cov_xy12
# ----------------------------
111.9922 17.3689 2.3691 10.0378
17.3689 14.5999 -8.2484 8.4375
2.3691 -8.2484 73.3266 6.2877
10.0378 8.4375 6.2877 14.0317
# 
# 
# Cov_xy13
# ----------------------------
111.9922 17.3689 0.0000 0.0000
17.3689 14.5999 0.0000 0.0000
0.0000 0.0000 58.7388 3.0089
0.0000 0.0000 3.0089 24.9533
# 
# 
# Cov_xy14
# ----------------------------
111.9922 17.3689 0.0000 0.0000
17.3689 14.5999 0.0000 0.0000
0.0000 0.0000 69.2759 2.2981
0.0000 0.0000 2.2981 13.2249
# 
# 
# Cov_xy20
# ----------------------------
73.3266 6.2877 0.0000 0.0000
6.2877 14.0317 0.0000 0.0000
0.0000 0.0000 178.1357 10.3126
0.0000 0.0000 10.3126 8.0147
# 
# 
# Cov_xy21
# ----------------------------
73.3266 6.2877 -22.4453 3.0294
6.2877 14.0317 2.1066 6.7603
-22.4453 2.1066 111.9922 17.3689
3.0294 6.7603 17.3689 14.5999
# 
# 
# Cov_xy22
# ----------------------------
73.3266 6.2877 -7.2102 5.9868
6.2877 14.0317 8.2539 13.3601
-7.2102 8.2539 73.3266 6.2877
5.9868 13.3601 6.2877 14.0317
# 
# 
# Cov_xy23
# ----------------------------
73.3266 6.2877 -8.4452 6.8959
6.2877 14.0317 -0.3361 15.3889
-8.4452 -0.3361 58.7388 3.0089
6.8959 15.3889 3.0089 24.9533
# 
# 
# Cov_xy24
# ----------------------------
73.3266 6.2877 12.0537 1.8090
6.2877 14.0317 -21.7519 4.0370
12.0537 -21.7519 69.2759 2.2981
1.8090 4.0370 2.2981 13.2249
# 
# 
# Cov_xy30
# ----------------------------
58.7388 3.0089 0.0000 0.0000
3.0089 24.9533 0.0000 0.0000
0.0000 0.0000 178.1357 10.3126
0.0000 0.0000 10.3126 8.0147
# 
# 
# Cov_xy31
# ----------------------------
58.7388 3.0089 -32.4467 0.6989
3.0089 24.9533 3.9061 5.7959
-32.4467 3.9061 111.9922 17.3689
0.6989 5.7959 17.3689 14.5999
# 
# 
# Cov_xy32
# ----------------------------
58.7388 3.0089 0.0000 0.0000
3.0089 24.9533 0.0000 0.0000
0.0000 0.0000 73.3266 6.2877
0.0000 0.0000 6.2877 14.0317
# 
# 
# Cov_xy33
# ----------------------------
58.7388 3.0089 32.0605 2.9281
3.0089 24.9533 3.8329 24.2835
32.0605 3.8329 58.7388 3.0089
2.9281 24.2835 3.0089 24.9533
# 
# 
# Cov_xy34
# ----------------------------
58.7388 3.0089 0.0000 0.0000
3.0089 24.9533 0.0000 0.0000
0.0000 0.0000 69.2759 2.2981
0.0000 0.0000 2.2981 13.2249
# 
# 
# Cov_xy40
# ----------------------------
69.2759 2.2981 0.0000 0.0000
2.2981 13.2249 0.0000 0.0000
0.0000 0.0000 178.1357 10.3126
0.0000 0.0000 10.3126 8.0147
# 
# 
# Cov_xy41
# ----------------------------
69.2759 2.2981 0.0000 0.0000
2.2981 13.2249 0.0000 0.0000
0.0000 0.0000 111.9922 17.3689
0.0000 0.0000 17.3689 14.5999
# 
# 
# Cov_xy42
# ----------------------------
69.2759 2.2981 0.0000 0.0000
2.2981 13.2249 0.0000 0.0000
0.0000 0.0000 73.3266 6.2877
0.0000 0.0000 6.2877 14.0317
# 
# 
# Cov_xy43
# ----------------------------
69.2759 2.2981 0.0000 0.0000
2.2981 13.2249 0.0000 0.0000
0.0000 0.0000 58.7388 3.0089
0.0000 0.0000 3.0089 24.9533
# 
# 
# Cov_xy44
# ----------------------------
69.2759 2.2981 15.5050 2.2435
2.2981 13.2249 3.5423 12.9105
15.5050 3.5423 69.2759 2.2981
2.2435 12.9105 2.2981 13.2249
# 
# 
# mean of X
# ================================
203.4040
293.7444
327.1381
357.0977
381.2511
# 
# 
# mean of Y
# ================================
61.6935
64.6049
67.3983
69.9389
73.9043
# 
# 
