#==========================================================#
# CGOFMSM parameters (parametrization 2)                   #
#==========================================================#
#
# number of fuzzy steps
# ================================
7.000000000000000000e+00
# 
# 
# Cov_xy00
# ----------------------------
38.9982 2.7605 3.1304 2.7456
2.7605 6.5152 3.1906 6.4801
3.1304 3.1906 38.9982 2.7605
2.7456 6.4801 2.7605 6.5152
# 
# 
# Cov_xy01
# ----------------------------
38.9982 2.7605 0.0000 0.0000
2.7605 6.5152 0.0000 0.0000
0.0000 0.0000 30.7548 -2.7677
0.0000 0.0000 -2.7677 6.4687
# 
# 
# Cov_xy02
# ----------------------------
38.9982 2.7605 0.0000 0.0000
2.7605 6.5152 0.0000 0.0000
0.0000 0.0000 134.0201 -14.2296
0.0000 0.0000 -14.2296 10.0000
# 
# 
# Cov_xy03
# ----------------------------
38.9982 2.7605 0.0000 0.0000
2.7605 6.5152 0.0000 0.0000
0.0000 0.0000 45.7551 16.5798
0.0000 0.0000 16.5798 13.5147
# 
# 
# Cov_xy04
# ----------------------------
38.9982 2.7605 0.0000 0.0000
2.7605 6.5152 0.0000 0.0000
0.0000 0.0000 34.8517 -4.9271
0.0000 0.0000 -4.9271 12.6638
# 
# 
# Cov_xy05
# ----------------------------
38.9982 2.7605 0.0000 0.0000
2.7605 6.5152 0.0000 0.0000
0.0000 0.0000 18.7492 2.8859
0.0000 0.0000 2.8859 12.3088
# 
# 
# Cov_xy06
# ----------------------------
38.9982 2.7605 0.0000 0.0000
2.7605 6.5152 0.0000 0.0000
0.0000 0.0000 15.6291 8.4076
0.0000 0.0000 8.4076 17.9748
# 
# 
# Cov_xy07
# ----------------------------
38.9982 2.7605 0.0000 0.0000
2.7605 6.5152 0.0000 0.0000
0.0000 0.0000 24.5678 -0.4467
0.0000 0.0000 -0.4467 14.9533
# 
# 
# Cov_xy08
# ----------------------------
38.9982 2.7605 0.0000 0.0000
2.7605 6.5152 0.0000 0.0000
0.0000 0.0000 51.2407 -0.5843
0.0000 0.0000 -0.5843 15.0983
# 
# 
# Cov_xy10
# ----------------------------
30.7548 -2.7677 0.0000 -0.0000
-2.7677 6.4687 0.0000 0.0000
0.0000 0.0000 38.9982 2.7605
-0.0000 0.0000 2.7605 6.5152
# 
# 
# Cov_xy11
# ----------------------------
30.7548 -2.7677 1.8694 -2.7561
-2.7677 6.4687 -2.5478 6.4416
1.8694 -2.5478 30.7548 -2.7677
-2.7561 6.4416 -2.7677 6.4687
# 
# 
# Cov_xy12
# ----------------------------
30.7548 -2.7677 24.0050 -0.1070
-2.7677 6.4687 -1.4250 0.2500
24.0050 -1.4250 134.0201 -14.2296
-0.1070 0.2500 -14.2296 10.0000
# 
# 
# Cov_xy13
# ----------------------------
30.7548 -2.7677 0.0000 -0.0000
-2.7677 6.4687 0.0000 0.0000
0.0000 0.0000 45.7551 16.5798
-0.0000 0.0000 16.5798 13.5147
# 
# 
# Cov_xy14
# ----------------------------
30.7548 -2.7677 0.0000 -0.0000
-2.7677 6.4687 0.0000 0.0000
0.0000 0.0000 34.8517 -4.9271
-0.0000 0.0000 -4.9271 12.6638
# 
# 
# Cov_xy15
# ----------------------------
30.7548 -2.7677 0.0000 -0.0000
-2.7677 6.4687 0.0000 0.0000
0.0000 0.0000 18.7492 2.8859
-0.0000 0.0000 2.8859 12.3088
# 
# 
# Cov_xy16
# ----------------------------
30.7548 -2.7677 0.0000 -0.0000
-2.7677 6.4687 0.0000 0.0000
0.0000 0.0000 15.6291 8.4076
-0.0000 0.0000 8.4076 17.9748
# 
# 
# Cov_xy17
# ----------------------------
30.7548 -2.7677 0.0000 -0.0000
-2.7677 6.4687 0.0000 0.0000
0.0000 0.0000 24.5678 -0.4467
-0.0000 0.0000 -0.4467 14.9533
# 
# 
# Cov_xy18
# ----------------------------
30.7548 -2.7677 0.0000 -0.0000
-2.7677 6.4687 0.0000 0.0000
0.0000 0.0000 51.2407 -0.5843
-0.0000 0.0000 -0.5843 15.0983
# 
# 
# Cov_xy20
# ----------------------------
134.0201 -14.2296 9.6063 -10.2275
-14.2296 10.0000 4.7375 7.1875
9.6063 4.7375 38.9982 2.7605
-10.2275 7.1875 2.7605 6.5152
# 
# 
# Cov_xy21
# ----------------------------
134.0201 -14.2296 0.0000 -0.0000
-14.2296 10.0000 0.0000 0.0000
0.0000 0.0000 30.7548 -2.7677
-0.0000 0.0000 -2.7677 6.4687
# 
# 
# Cov_xy22
# ----------------------------
134.0201 -14.2296 0.0000 -0.0000
-14.2296 10.0000 0.0000 0.0000
0.0000 0.0000 134.0201 -14.2296
-0.0000 0.0000 -14.2296 10.0000
# 
# 
# Cov_xy23
# ----------------------------
134.0201 -14.2296 0.0000 -0.0000
-14.2296 10.0000 0.0000 0.0000
0.0000 0.0000 45.7551 16.5798
-0.0000 0.0000 16.5798 13.5147
# 
# 
# Cov_xy24
# ----------------------------
134.0201 -14.2296 0.0000 -0.0000
-14.2296 10.0000 0.0000 0.0000
0.0000 0.0000 34.8517 -4.9271
-0.0000 0.0000 -4.9271 12.6638
# 
# 
# Cov_xy25
# ----------------------------
134.0201 -14.2296 0.0000 -0.0000
-14.2296 10.0000 0.0000 0.0000
0.0000 0.0000 18.7492 2.8859
-0.0000 0.0000 2.8859 12.3088
# 
# 
# Cov_xy26
# ----------------------------
134.0201 -14.2296 0.0000 -0.0000
-14.2296 10.0000 0.0000 0.0000
0.0000 0.0000 15.6291 8.4076
-0.0000 0.0000 8.4076 17.9748
# 
# 
# Cov_xy27
# ----------------------------
134.0201 -14.2296 0.0000 -0.0000
-14.2296 10.0000 0.0000 0.0000
0.0000 0.0000 24.5678 -0.4467
-0.0000 0.0000 -0.4467 14.9533
# 
# 
# Cov_xy28
# ----------------------------
134.0201 -14.2296 0.0000 -0.0000
-14.2296 10.0000 0.0000 0.0000
0.0000 0.0000 51.2407 -0.5843
-0.0000 0.0000 -0.5843 15.0983
# 
# 
# Cov_xy30
# ----------------------------
45.7551 16.5798 0.0000 0.0000
16.5798 13.5147 0.0000 0.0000
0.0000 0.0000 38.9982 2.7605
0.0000 0.0000 2.7605 6.5152
# 
# 
# Cov_xy31
# ----------------------------
45.7551 16.5798 0.0000 0.0000
16.5798 13.5147 0.0000 0.0000
0.0000 0.0000 30.7548 -2.7677
0.0000 0.0000 -2.7677 6.4687
# 
# 
# Cov_xy32
# ----------------------------
45.7551 16.5798 0.0000 0.0000
16.5798 13.5147 0.0000 0.0000
0.0000 0.0000 134.0201 -14.2296
0.0000 0.0000 -14.2296 10.0000
# 
# 
# Cov_xy33
# ----------------------------
45.7551 16.5798 27.9243 16.0046
16.5798 13.5147 17.5461 13.0458
27.9243 17.5461 45.7551 16.5798
16.0046 13.0458 16.5798 13.5147
# 
# 
# Cov_xy34
# ----------------------------
45.7551 16.5798 -8.0934 10.9178
16.5798 13.5147 -9.4142 8.8994
-8.0934 -9.4142 34.8517 -4.9271
10.9178 8.8994 -4.9271 12.6638
# 
# 
# Cov_xy35
# ----------------------------
45.7551 16.5798 0.0000 0.0000
16.5798 13.5147 0.0000 0.0000
0.0000 0.0000 18.7492 2.8859
0.0000 0.0000 2.8859 12.3088
# 
# 
# Cov_xy36
# ----------------------------
45.7551 16.5798 0.0000 0.0000
16.5798 13.5147 0.0000 0.0000
0.0000 0.0000 15.6291 8.4076
0.0000 0.0000 8.4076 17.9748
# 
# 
# Cov_xy37
# ----------------------------
45.7551 16.5798 0.0000 0.0000
16.5798 13.5147 0.0000 0.0000
0.0000 0.0000 24.5678 -0.4467
0.0000 0.0000 -0.4467 14.9533
# 
# 
# Cov_xy38
# ----------------------------
45.7551 16.5798 0.0000 0.0000
16.5798 13.5147 0.0000 0.0000
0.0000 0.0000 51.2407 -0.5843
0.0000 0.0000 -0.5843 15.0983
# 
# 
# Cov_xy40
# ----------------------------
34.8517 -4.9271 0.0000 -0.0000
-4.9271 12.6638 0.0000 0.0000
0.0000 0.0000 38.9982 2.7605
-0.0000 0.0000 2.7605 6.5152
# 
# 
# Cov_xy41
# ----------------------------
34.8517 -4.9271 0.0000 -0.0000
-4.9271 12.6638 0.0000 0.0000
0.0000 0.0000 30.7548 -2.7677
-0.0000 0.0000 -2.7677 6.4687
# 
# 
# Cov_xy42
# ----------------------------
34.8517 -4.9271 0.0000 -0.0000
-4.9271 12.6638 0.0000 0.0000
0.0000 0.0000 134.0201 -14.2296
-0.0000 0.0000 -14.2296 10.0000
# 
# 
# Cov_xy43
# ----------------------------
34.8517 -4.9271 0.9541 -3.6651
-4.9271 12.6638 7.2080 9.4200
0.9541 7.2080 45.7551 16.5798
-3.6651 9.4200 16.5798 13.5147
# 
# 
# Cov_xy44
# ----------------------------
34.8517 -4.9271 15.0441 -4.7078
-4.9271 12.6638 -6.8300 12.1000
15.0441 -6.8300 34.8517 -4.9271
-4.7078 12.1000 -4.9271 12.6638
# 
# 
# Cov_xy45
# ----------------------------
34.8517 -4.9271 -0.5958 -3.9146
-4.9271 12.6638 5.8199 10.0612
-0.5958 5.8199 18.7492 2.8859
-3.9146 10.0612 2.8859 12.3088
# 
# 
# Cov_xy46
# ----------------------------
34.8517 -4.9271 2.0311 -3.3528
-4.9271 12.6638 6.9222 8.6173
2.0311 6.9222 15.6291 8.4076
-3.3528 8.6173 8.4076 17.9748
# 
# 
# Cov_xy47
# ----------------------------
34.8517 -4.9271 3.5933 -2.1615
-4.9271 12.6638 -0.6667 5.5556
3.5933 -0.6667 24.5678 -0.4467
-2.1615 5.5556 -0.4467 14.9533
# 
# 
# Cov_xy48
# ----------------------------
34.8517 -4.9271 0.0000 -0.0000
-4.9271 12.6638 0.0000 0.0000
0.0000 0.0000 51.2407 -0.5843
-0.0000 0.0000 -0.5843 15.0983
# 
# 
# Cov_xy50
# ----------------------------
18.7492 2.8859 0.0000 0.0000
2.8859 12.3088 0.0000 0.0000
0.0000 0.0000 38.9982 2.7605
0.0000 0.0000 2.7605 6.5152
# 
# 
# Cov_xy51
# ----------------------------
18.7492 2.8859 0.0000 0.0000
2.8859 12.3088 0.0000 0.0000
0.0000 0.0000 30.7548 -2.7677
0.0000 0.0000 -2.7677 6.4687
# 
# 
# Cov_xy52
# ----------------------------
18.7492 2.8859 0.0000 0.0000
2.8859 12.3088 0.0000 0.0000
0.0000 0.0000 134.0201 -14.2296
0.0000 0.0000 -14.2296 10.0000
# 
# 
# Cov_xy53
# ----------------------------
18.7492 2.8859 0.0000 0.0000
2.8859 12.3088 0.0000 0.0000
0.0000 0.0000 45.7551 16.5798
0.0000 0.0000 16.5798 13.5147
# 
# 
# Cov_xy54
# ----------------------------
18.7492 2.8859 0.0000 0.0000
2.8859 12.3088 0.0000 0.0000
0.0000 0.0000 34.8517 -4.9271
0.0000 0.0000 -4.9271 12.6638
# 
# 
# Cov_xy55
# ----------------------------
18.7492 2.8859 0.0000 0.0000
2.8859 12.3088 0.0000 0.0000
0.0000 0.0000 18.7492 2.8859
0.0000 0.0000 2.8859 12.3088
# 
# 
# Cov_xy56
# ----------------------------
18.7492 2.8859 0.0000 0.0000
2.8859 12.3088 0.0000 0.0000
0.0000 0.0000 15.6291 8.4076
0.0000 0.0000 8.4076 17.9748
# 
# 
# Cov_xy57
# ----------------------------
18.7492 2.8859 0.0000 0.0000
2.8859 12.3088 0.0000 0.0000
0.0000 0.0000 24.5678 -0.4467
0.0000 0.0000 -0.4467 14.9533
# 
# 
# Cov_xy58
# ----------------------------
18.7492 2.8859 0.0000 0.0000
2.8859 12.3088 0.0000 0.0000
0.0000 0.0000 51.2407 -0.5843
0.0000 0.0000 -0.5843 15.0983
# 
# 
# Cov_xy60
# ----------------------------
15.6291 8.4076 0.0000 0.0000
8.4076 17.9748 0.0000 0.0000
0.0000 0.0000 38.9982 2.7605
0.0000 0.0000 2.7605 6.5152
# 
# 
# Cov_xy61
# ----------------------------
15.6291 8.4076 0.0000 0.0000
8.4076 17.9748 0.0000 0.0000
0.0000 0.0000 30.7548 -2.7677
0.0000 0.0000 -2.7677 6.4687
# 
# 
# Cov_xy62
# ----------------------------
15.6291 8.4076 0.0000 0.0000
8.4076 17.9748 0.0000 0.0000
0.0000 0.0000 134.0201 -14.2296
0.0000 0.0000 -14.2296 10.0000
# 
# 
# Cov_xy63
# ----------------------------
15.6291 8.4076 -15.8167 2.5726
8.4076 17.9748 5.2750 5.5000
-15.8167 5.2750 45.7551 16.5798
2.5726 5.5000 16.5798 13.5147
# 
# 
# Cov_xy64
# ----------------------------
15.6291 8.4076 14.7000 3.4613
8.4076 17.9748 9.2840 7.4000
14.7000 9.2840 34.8517 -4.9271
3.4613 7.4000 -4.9271 12.6638
# 
# 
# Cov_xy65
# ----------------------------
15.6291 8.4076 0.0000 0.0000
8.4076 17.9748 0.0000 0.0000
0.0000 0.0000 18.7492 2.8859
0.0000 0.0000 2.8859 12.3088
# 
# 
# Cov_xy66
# ----------------------------
15.6291 8.4076 -3.8246 8.2261
8.4076 17.9748 8.3269 17.5868
-3.8246 8.3269 15.6291 8.4076
8.2261 17.5868 8.4076 17.9748
# 
# 
# Cov_xy67
# ----------------------------
15.6291 8.4076 0.0000 0.0000
8.4076 17.9748 0.0000 0.0000
0.0000 0.0000 24.5678 -0.4467
0.0000 0.0000 -0.4467 14.9533
# 
# 
# Cov_xy68
# ----------------------------
15.6291 8.4076 0.0000 0.0000
8.4076 17.9748 0.0000 0.0000
0.0000 0.0000 51.2407 -0.5843
0.0000 0.0000 -0.5843 15.0983
# 
# 
# Cov_xy70
# ----------------------------
24.5678 -0.4467 0.0000 -0.0000
-0.4467 14.9533 0.0000 0.0000
0.0000 0.0000 38.9982 2.7605
-0.0000 0.0000 2.7605 6.5152
# 
# 
# Cov_xy71
# ----------------------------
24.5678 -0.4467 0.0000 -0.0000
-0.4467 14.9533 0.0000 0.0000
0.0000 0.0000 30.7548 -2.7677
-0.0000 0.0000 -2.7677 6.4687
# 
# 
# Cov_xy72
# ----------------------------
24.5678 -0.4467 0.0000 -0.0000
-0.4467 14.9533 0.0000 0.0000
0.0000 0.0000 134.0201 -14.2296
-0.0000 0.0000 -14.2296 10.0000
# 
# 
# Cov_xy73
# ----------------------------
24.5678 -0.4467 0.0000 -0.0000
-0.4467 14.9533 0.0000 0.0000
0.0000 0.0000 45.7551 16.5798
-0.0000 0.0000 16.5798 13.5147
# 
# 
# Cov_xy74
# ----------------------------
24.5678 -0.4467 0.0000 -0.0000
-0.4467 14.9533 0.0000 0.0000
0.0000 0.0000 34.8517 -4.9271
-0.0000 0.0000 -4.9271 12.6638
# 
# 
# Cov_xy75
# ----------------------------
24.5678 -0.4467 0.0000 -0.0000
-0.4467 14.9533 0.0000 0.0000
0.0000 0.0000 18.7492 2.8859
-0.0000 0.0000 2.8859 12.3088
# 
# 
# Cov_xy76
# ----------------------------
24.5678 -0.4467 0.0000 -0.0000
-0.4467 14.9533 0.0000 0.0000
0.0000 0.0000 15.6291 8.4076
-0.0000 0.0000 8.4076 17.9748
# 
# 
# Cov_xy77
# ----------------------------
24.5678 -0.4467 5.8865 -0.4267
-0.4467 14.9533 0.0308 14.2821
5.8865 0.0308 24.5678 -0.4467
-0.4267 14.2821 -0.4467 14.9533
# 
# 
# Cov_xy78
# ----------------------------
24.5678 -0.4467 1.1995 -0.3260
-0.4467 14.9533 -6.1580 10.9116
1.1995 -6.1580 51.2407 -0.5843
-0.3260 10.9116 -0.5843 15.0983
# 
# 
# Cov_xy80
# ----------------------------
51.2407 -0.5843 0.0000 -0.0000
-0.5843 15.0983 0.0000 0.0000
0.0000 0.0000 38.9982 2.7605
-0.0000 0.0000 2.7605 6.5152
# 
# 
# Cov_xy81
# ----------------------------
51.2407 -0.5843 0.0000 -0.0000
-0.5843 15.0983 0.0000 0.0000
0.0000 0.0000 30.7548 -2.7677
-0.0000 0.0000 -2.7677 6.4687
# 
# 
# Cov_xy82
# ----------------------------
51.2407 -0.5843 0.0000 -0.0000
-0.5843 15.0983 0.0000 0.0000
0.0000 0.0000 134.0201 -14.2296
-0.0000 0.0000 -14.2296 10.0000
# 
# 
# Cov_xy83
# ----------------------------
51.2407 -0.5843 0.0000 -0.0000
-0.5843 15.0983 0.0000 0.0000
0.0000 0.0000 45.7551 16.5798
-0.0000 0.0000 16.5798 13.5147
# 
# 
# Cov_xy84
# ----------------------------
51.2407 -0.5843 0.0000 -0.0000
-0.5843 15.0983 0.0000 0.0000
0.0000 0.0000 34.8517 -4.9271
-0.0000 0.0000 -4.9271 12.6638
# 
# 
# Cov_xy85
# ----------------------------
51.2407 -0.5843 0.0000 -0.0000
-0.5843 15.0983 0.0000 0.0000
0.0000 0.0000 18.7492 2.8859
-0.0000 0.0000 2.8859 12.3088
# 
# 
# Cov_xy86
# ----------------------------
51.2407 -0.5843 0.0000 -0.0000
-0.5843 15.0983 0.0000 0.0000
0.0000 0.0000 15.6291 8.4076
-0.0000 0.0000 8.4076 17.9748
# 
# 
# Cov_xy87
# ----------------------------
51.2407 -0.5843 0.0000 -0.0000
-0.5843 15.0983 0.0000 0.0000
0.0000 0.0000 24.5678 -0.4467
-0.0000 0.0000 -0.4467 14.9533
# 
# 
# Cov_xy88
# ----------------------------
51.2407 -0.5843 2.1994 -0.5691
-0.5843 15.0983 3.4425 14.7050
2.1994 3.4425 51.2407 -0.5843
-0.5691 14.7050 -0.5843 15.0983
# 
# 
# mean of X
# ================================
191.2853
210.4044
239.4696
291.7018
313.1211
330.8111
348.6448
365.2424
384.8985
# 
# 
# mean of Y
# ================================
60.7845
62.4425
62.6957
64.5088
65.8596
68.1389
68.9701
71.2424
74.0441
# 
# 
