#==========================================================#
# CGOFMSM parameters (parametrization 2)                   #
#==========================================================#
#
# number of fuzzy steps
# ================================
1.000000000000000000e+00
# 
# 
# Cov_xy00
# ----------------------------
207.1323 9.0536 54.5430 8.9283
9.0536 8.0750 8.6605 7.9632
54.5430 8.6605 207.1323 9.0536
8.9283 7.9632 9.0536 8.0750
# 
# 
# Cov_xy01
# ----------------------------
207.1323 9.0536 -3.8232 9.8416
9.0536 8.0750 16.4827 8.7778
-3.8232 16.4827 267.1840 23.7849
9.8416 8.7778 23.7849 14.2903
# 
# 
# Cov_xy02
# ----------------------------
207.1323 9.0536 0.0000 0.0000
9.0536 8.0750 0.0000 0.0000
0.0000 0.0000 216.5408 21.9388
0.0000 0.0000 21.9388 22.4644
# 
# 
# Cov_xy10
# ----------------------------
267.1840 23.7849 0.0000 0.0000
23.7849 14.2903 0.0000 0.0000
0.0000 0.0000 207.1323 9.0536
0.0000 0.0000 9.0536 8.0750
# 
# 
# Cov_xy11
# ----------------------------
267.1840 23.7849 177.3184 22.6335
23.7849 14.2903 24.9040 13.5985
177.3184 24.9040 267.1840 23.7849
22.6335 13.5985 23.7849 14.2903
# 
# 
# Cov_xy12
# ----------------------------
267.1840 23.7849 52.3432 28.1002
23.7849 14.2903 18.3970 16.8830
52.3432 18.3970 216.5408 21.9388
28.1002 16.8830 21.9388 22.4644
# 
# 
# Cov_xy20
# ----------------------------
216.5408 21.9388 0.0000 0.0000
21.9388 22.4644 0.0000 0.0000
0.0000 0.0000 207.1323 9.0536
0.0000 0.0000 9.0536 8.0750
# 
# 
# Cov_xy21
# ----------------------------
216.5408 21.9388 0.0000 0.0000
21.9388 22.4644 0.0000 0.0000
0.0000 0.0000 267.1840 23.7849
0.0000 0.0000 23.7849 14.2903
# 
# 
# Cov_xy22
# ----------------------------
216.5408 21.9388 126.4135 21.4857
21.9388 22.4644 22.8249 22.0004
126.4135 22.8249 216.5408 21.9388
21.4857 22.0004 21.9388 22.4644
# 
# 
# mean of X
# ================================
204.0235
313.1337
366.2021
# 
# 
# mean of Y
# ================================
61.6853
66.3262
71.4060
# 
# 
