#==========================================================#
# CGOFMSM parameters (parametrization 2)                   #
#==========================================================#
#
# number of fuzzy steps
# ================================
0.000000000000000000e+00
# 
# 
# Cov_xy00
# ----------------------------
253.2027 10.6685 82.5990 10.5239
10.6685 8.0792 10.0517 7.9697
82.5990 10.0517 253.2027 10.6685
10.5239 7.9697 10.6685 8.0792
# 
# 
# Cov_xy01
# ----------------------------
253.2027 10.6685 -61.1244 11.9670
10.6685 8.0792 31.5000 9.0625
-61.1244 31.5000 902.3698 89.6863
11.9670 9.0625 89.6863 26.8360
# 
# 
# Cov_xy10
# ----------------------------
902.3698 89.6863 0.0000 0.0000
89.6863 26.8360 0.0000 0.0000
0.0000 0.0000 253.2027 10.6685
0.0000 0.0000 10.6685 8.0792
# 
# 
# Cov_xy11
# ----------------------------
902.3698 89.6863 686.7232 87.8274
89.6863 26.8360 90.5800 26.2798
686.7232 90.5800 902.3698 89.6863
87.8274 26.2798 89.6863 26.8360
# 
# 
# mean of X
# ================================
205.0306
343.3439
# 
# 
# mean of Y
# ================================
61.7098
69.2062
# 
# 
