#==========================================================#
# CGOFMSM parameters (parametrization 2)                   #
#==========================================================#
#
# number of fuzzy steps
# ================================
3.000000000000000000e+00
# 
# 
# Cov_xy00
# ----------------------------
123.3842 7.9924 34.3398 7.8759
7.9924 5.6699 7.6790 5.5873
34.3398 7.6790 123.3842 7.9924
7.8759 5.5873 7.9924 5.6699
# 
# 
# Cov_xy01
# ----------------------------
123.3842 7.9924 86.1753 7.8338
7.9924 5.6699 -2.9668 5.5574
86.1753 -2.9668 839.0031 28.1678
7.8338 5.5574 28.1678 6.8316
# 
# 
# Cov_xy02
# ----------------------------
123.3842 7.9924 104.1380 3.9962
7.9924 5.6699 19.7288 2.8350
104.1380 19.7288 274.5900 11.7737
3.9962 2.8350 11.7737 7.0409
# 
# 
# Cov_xy03
# ----------------------------
123.3842 7.9924 0.0000 0.0000
7.9924 5.6699 0.0000 0.0000
0.0000 0.0000 164.2793 9.5263
0.0000 0.0000 9.5263 16.6149
# 
# 
# Cov_xy04
# ----------------------------
123.3842 7.9924 0.0000 0.0000
7.9924 5.6699 0.0000 0.0000
0.0000 0.0000 87.8158 -18.7465
0.0000 0.0000 -18.7465 -18.4519
# 
# 
# Cov_xy10
# ----------------------------
839.0031 28.1678 233.7595 12.8307
28.1678 6.8316 13.3755 3.1118
233.7595 13.3755 123.3842 7.9924
12.8307 3.1118 7.9924 5.6699
# 
# 
# Cov_xy11
# ----------------------------
839.0031 28.1678 762.2463 27.5821
28.1678 6.8316 28.8728 6.6895
762.2463 28.8728 839.0031 28.1678
27.5821 6.6895 28.1678 6.8316
# 
# 
# Cov_xy12
# ----------------------------
839.0031 28.1678 333.1863 25.3199
28.1678 6.8316 6.9434 6.1409
333.1863 6.9434 274.5900 11.7737
25.3199 6.1409 11.7737 7.0409
# 
# 
# Cov_xy13
# ----------------------------
839.0031 28.1678 199.4506 14.1931
28.1678 6.8316 16.7503 3.4423
199.4506 16.7503 164.2793 9.5263
14.1931 3.4423 9.5263 16.6149
# 
# 
# Cov_xy14
# ----------------------------
839.0031 28.1678 0.0000 0.0000
28.1678 6.8316 0.0000 0.0000
0.0000 0.0000 87.8158 -18.7465
0.0000 0.0000 -18.7465 -18.4519
# 
# 
# Cov_xy20
# ----------------------------
274.5900 11.7737 92.0327 5.2827
11.7737 7.0409 7.6726 3.1592
92.0327 7.6726 123.3842 7.9924
5.2827 3.1592 7.9924 5.6699
# 
# 
# Cov_xy21
# ----------------------------
274.5900 11.7737 331.9023 10.3218
11.7737 7.0409 31.6479 6.1726
331.9023 31.6479 839.0031 28.1678
10.3218 6.1726 28.1678 6.8316
# 
# 
# Cov_xy22
# ----------------------------
274.5900 11.7737 221.9422 10.9594
11.7737 7.0409 12.0212 6.5539
221.9422 12.0212 274.5900 11.7737
10.9594 6.5539 11.7737 7.0409
# 
# 
# Cov_xy23
# ----------------------------
274.5900 11.7737 192.7836 11.4531
11.7737 7.0409 10.3464 6.8492
192.7836 10.3464 164.2793 9.5263
11.4531 6.8492 9.5263 16.6149
# 
# 
# Cov_xy24
# ----------------------------
274.5900 11.7737 77.6424 11.5243
11.7737 7.0409 -7.9774 6.8918
77.6424 -7.9774 87.8158 -18.7465
11.5243 6.8918 -18.7465 -18.4519
# 
# 
# Cov_xy30
# ----------------------------
164.2793 9.5263 -114.2283 2.7825
9.5263 16.6149 -22.6385 4.8530
-114.2283 -22.6385 123.3842 7.9924
2.7825 4.8530 7.9924 5.6699
# 
# 
# Cov_xy31
# ----------------------------
164.2793 9.5263 26.1720 3.0543
9.5263 16.6149 111.2070 5.3269
26.1720 111.2070 839.0031 28.1678
3.0543 5.3269 28.1678 6.8316
# 
# 
# Cov_xy32
# ----------------------------
164.2793 9.5263 52.2005 3.1007
9.5263 16.6149 19.0475 5.4079
52.2005 19.0475 274.5900 11.7737
3.1007 5.4079 11.7737 7.0409
# 
# 
# Cov_xy33
# ----------------------------
164.2793 9.5263 93.3885 9.1823
9.5263 16.6149 8.3715 16.0148
93.3885 8.3715 164.2793 9.5263
9.1823 16.0148 9.5263 16.6149
# 
# 
# Cov_xy34
# ----------------------------
164.2793 9.5263 44.2053 9.4397
9.5263 16.6149 -1.6038 16.4638
44.2053 -1.6038 87.8158 -18.7465
9.4397 16.4638 -18.7465 -18.4519
# 
# 
# Cov_xy40
# ----------------------------
87.8158 -18.7465 0.0000 0.0000
-18.7465 -18.4519 0.0000 0.0000
0.0000 0.0000 123.3842 7.9924
0.0000 0.0000 7.9924 5.6699
# 
# 
# Cov_xy41
# ----------------------------
87.8158 -18.7465 20.2235 -19.6117
-18.7465 -18.4519 -6.3899 -19.3036
20.2235 -6.3899 839.0031 28.1678
-19.6117 -19.3036 28.1678 6.8316
# 
# 
# Cov_xy42
# ----------------------------
87.8158 -18.7465 29.4719 -18.9642
-18.7465 -18.4519 -71.8148 -18.6663
29.4719 -71.8148 274.5900 11.7737
-18.9642 -18.6663 11.7737 7.0409
# 
# 
# Cov_xy43
# ----------------------------
87.8158 -18.7465 28.9303 -18.8243
-18.7465 -18.4519 -15.8320 -18.5285
28.9303 -15.8320 164.2793 9.5263
-18.8243 -18.5285 9.5263 16.6149
# 
# 
# Cov_xy44
# ----------------------------
87.8158 -18.7465 23.0518 -19.2051
-18.7465 -18.4519 -18.4988 -18.9034
23.0518 -18.4988 87.8158 -18.7465
-19.2051 -18.9034 -18.7465 -18.4519
# 
# 
# mean of X
# ================================
195.2674
232.2755
308.7834
341.1694
377.3423
# 
# 
# mean of Y
# ================================
60.4601
61.8001
66.8281
68.3742
76.1979
# 
# 
