#==========================================================#
# CGOFMSM parameters (parametrization 2)                   #
#==========================================================#
#
# number of fuzzy steps
# ================================
5.000000000000000000e+00
# 
# 
# Cov_xy00
# ----------------------------
36.6997 2.4108 4.4330 2.4005
2.4108 6.5207 2.2936 6.4931
4.4330 2.2936 36.6997 2.4108
2.4005 6.4931 2.4108 6.5207
# 
# 
# Cov_xy01
# ----------------------------
36.6997 2.4108 0.0000 0.0000
2.4108 6.5207 0.0000 0.0000
0.0000 0.0000 31.6241 -2.6228
0.0000 0.0000 -2.6228 6.6248
# 
# 
# Cov_xy02
# ----------------------------
36.6997 2.4108 7.1416 2.9281
2.4108 6.5207 -8.8360 7.9200
7.1416 -8.8360 134.0201 -14.2296
2.9281 7.9200 -14.2296 10.0000
# 
# 
# Cov_xy03
# ----------------------------
36.6997 2.4108 0.0000 0.0000
2.4108 6.5207 0.0000 0.0000
0.0000 0.0000 73.2543 17.7314
0.0000 0.0000 17.7314 14.5009
# 
# 
# Cov_xy04
# ----------------------------
36.6997 2.4108 0.0000 0.0000
2.4108 6.5207 0.0000 0.0000
0.0000 0.0000 57.3193 10.2612
0.0000 0.0000 10.2612 13.2803
# 
# 
# Cov_xy05
# ----------------------------
36.6997 2.4108 0.0000 0.0000
2.4108 6.5207 0.0000 0.0000
0.0000 0.0000 51.9774 2.5773
0.0000 0.0000 2.5773 23.4510
# 
# 
# Cov_xy06
# ----------------------------
36.6997 2.4108 0.0000 0.0000
2.4108 6.5207 0.0000 0.0000
0.0000 0.0000 82.4547 2.1003
0.0000 0.0000 2.1003 15.0223
# 
# 
# Cov_xy10
# ----------------------------
31.6241 -2.6228 11.0383 -2.5722
-2.6228 6.6248 3.1648 6.4970
11.0383 3.1648 36.6997 2.4108
-2.5722 6.4970 2.4108 6.5207
# 
# 
# Cov_xy11
# ----------------------------
31.6241 -2.6228 2.1998 -2.6103
-2.6228 6.6248 -1.8494 6.5932
2.1998 -1.8494 31.6241 -2.6228
-2.6103 6.5932 -2.6228 6.6248
# 
# 
# Cov_xy12
# ----------------------------
31.6241 -2.6228 45.8667 -0.1320
-2.6228 6.6248 1.4056 0.3333
45.8667 1.4056 134.0201 -14.2296
-0.1320 0.3333 -14.2296 10.0000
# 
# 
# Cov_xy13
# ----------------------------
31.6241 -2.6228 0.0000 -0.0000
-2.6228 6.6248 0.0000 0.0000
0.0000 0.0000 73.2543 17.7314
-0.0000 0.0000 17.7314 14.5009
# 
# 
# Cov_xy14
# ----------------------------
31.6241 -2.6228 0.0000 -0.0000
-2.6228 6.6248 0.0000 0.0000
0.0000 0.0000 57.3193 10.2612
-0.0000 0.0000 10.2612 13.2803
# 
# 
# Cov_xy15
# ----------------------------
31.6241 -2.6228 0.0000 -0.0000
-2.6228 6.6248 0.0000 0.0000
0.0000 0.0000 51.9774 2.5773
-0.0000 0.0000 2.5773 23.4510
# 
# 
# Cov_xy16
# ----------------------------
31.6241 -2.6228 0.0000 -0.0000
-2.6228 6.6248 0.0000 0.0000
0.0000 0.0000 82.4547 2.1003
-0.0000 0.0000 2.1003 15.0223
# 
# 
# Cov_xy20
# ----------------------------
134.0201 -14.2296 2.0712 -11.1514
-14.2296 10.0000 1.6531 7.8367
2.0712 1.6531 36.6997 2.4108
-11.1514 7.8367 2.4108 6.5207
# 
# 
# Cov_xy21
# ----------------------------
134.0201 -14.2296 0.0000 -0.0000
-14.2296 10.0000 0.0000 0.0000
0.0000 0.0000 31.6241 -2.6228
-0.0000 0.0000 -2.6228 6.6248
# 
# 
# Cov_xy22
# ----------------------------
134.0201 -14.2296 0.0000 -0.0000
-14.2296 10.0000 0.0000 0.0000
0.0000 0.0000 134.0201 -14.2296
-0.0000 0.0000 -14.2296 10.0000
# 
# 
# Cov_xy23
# ----------------------------
134.0201 -14.2296 0.0000 -0.0000
-14.2296 10.0000 0.0000 0.0000
0.0000 0.0000 73.2543 17.7314
-0.0000 0.0000 17.7314 14.5009
# 
# 
# Cov_xy24
# ----------------------------
134.0201 -14.2296 34.8125 -0.1779
-14.2296 10.0000 2.9250 0.1250
34.8125 2.9250 57.3193 10.2612
-0.1779 0.1250 10.2612 13.2803
# 
# 
# Cov_xy25
# ----------------------------
134.0201 -14.2296 0.0000 -0.0000
-14.2296 10.0000 0.0000 0.0000
0.0000 0.0000 51.9774 2.5773
-0.0000 0.0000 2.5773 23.4510
# 
# 
# Cov_xy26
# ----------------------------
134.0201 -14.2296 0.0000 -0.0000
-14.2296 10.0000 0.0000 0.0000
0.0000 0.0000 82.4547 2.1003
-0.0000 0.0000 2.1003 15.0223
# 
# 
# Cov_xy30
# ----------------------------
73.2543 17.7314 0.0000 0.0000
17.7314 14.5009 0.0000 0.0000
0.0000 0.0000 36.6997 2.4108
0.0000 0.0000 2.4108 6.5207
# 
# 
# Cov_xy31
# ----------------------------
73.2543 17.7314 0.0000 0.0000
17.7314 14.5009 0.0000 0.0000
0.0000 0.0000 31.6241 -2.6228
0.0000 0.0000 -2.6228 6.6248
# 
# 
# Cov_xy32
# ----------------------------
73.2543 17.7314 0.0000 0.0000
17.7314 14.5009 0.0000 0.0000
0.0000 0.0000 134.0201 -14.2296
0.0000 0.0000 -14.2296 10.0000
# 
# 
# Cov_xy33
# ----------------------------
73.2543 17.7314 43.4236 17.2498
17.7314 14.5009 18.5378 14.1070
43.4236 18.5378 73.2543 17.7314
17.2498 14.1070 17.7314 14.5009
# 
# 
# Cov_xy34
# ----------------------------
73.2543 17.7314 2.3691 10.3172
17.7314 14.5009 -8.2484 8.4375
2.3691 -8.2484 57.3193 10.2612
10.3172 8.4375 10.2612 13.2803
# 
# 
# Cov_xy35
# ----------------------------
73.2543 17.7314 0.0000 0.0000
17.7314 14.5009 0.0000 0.0000
0.0000 0.0000 51.9774 2.5773
0.0000 0.0000 2.5773 23.4510
# 
# 
# Cov_xy36
# ----------------------------
73.2543 17.7314 0.0000 0.0000
17.7314 14.5009 0.0000 0.0000
0.0000 0.0000 82.4547 2.1003
0.0000 0.0000 2.1003 15.0223
# 
# 
# Cov_xy40
# ----------------------------
57.3193 10.2612 0.0000 0.0000
10.2612 13.2803 0.0000 0.0000
0.0000 0.0000 36.6997 2.4108
0.0000 0.0000 2.4108 6.5207
# 
# 
# Cov_xy41
# ----------------------------
57.3193 10.2612 0.0000 0.0000
10.2612 13.2803 0.0000 0.0000
0.0000 0.0000 31.6241 -2.6228
0.0000 0.0000 -2.6228 6.6248
# 
# 
# Cov_xy42
# ----------------------------
57.3193 10.2612 0.0000 0.0000
10.2612 13.2803 0.0000 0.0000
0.0000 0.0000 134.0201 -14.2296
0.0000 0.0000 -14.2296 10.0000
# 
# 
# Cov_xy43
# ----------------------------
57.3193 10.2612 -22.3365 5.8723
10.2612 13.2803 2.2650 7.6000
-22.3365 2.2650 73.2543 17.7314
5.8723 7.6000 17.7314 14.5009
# 
# 
# Cov_xy44
# ----------------------------
57.3193 10.2612 6.4727 9.6490
10.2612 13.2803 13.1510 12.4879
6.4727 13.1510 57.3193 10.2612
9.6490 12.4879 10.2612 13.2803
# 
# 
# Cov_xy45
# ----------------------------
57.3193 10.2612 0.0000 0.0000
10.2612 13.2803 0.0000 0.0000
0.0000 0.0000 51.9774 2.5773
0.0000 0.0000 2.5773 23.4510
# 
# 
# Cov_xy46
# ----------------------------
57.3193 10.2612 18.3793 3.7706
10.2612 13.2803 -14.6240 4.8800
18.3793 -14.6240 82.4547 2.1003
3.7706 4.8800 2.1003 15.0223
# 
# 
# Cov_xy50
# ----------------------------
51.9774 2.5773 0.0000 0.0000
2.5773 23.4510 0.0000 0.0000
0.0000 0.0000 36.6997 2.4108
0.0000 0.0000 2.4108 6.5207
# 
# 
# Cov_xy51
# ----------------------------
51.9774 2.5773 0.0000 0.0000
2.5773 23.4510 0.0000 0.0000
0.0000 0.0000 31.6241 -2.6228
0.0000 0.0000 -2.6228 6.6248
# 
# 
# Cov_xy52
# ----------------------------
51.9774 2.5773 0.0000 0.0000
2.5773 23.4510 0.0000 0.0000
0.0000 0.0000 134.0201 -14.2296
0.0000 0.0000 -14.2296 10.0000
# 
# 
# Cov_xy53
# ----------------------------
51.9774 2.5773 -35.0705 0.5014
2.5773 23.4510 1.3609 4.5625
-35.0705 1.3609 73.2543 17.7314
0.5014 4.5625 17.7314 14.5009
# 
# 
# Cov_xy54
# ----------------------------
51.9774 2.5773 0.0000 0.0000
2.5773 23.4510 0.0000 0.0000
0.0000 0.0000 57.3193 10.2612
0.0000 0.0000 10.2612 13.2803
# 
# 
# Cov_xy55
# ----------------------------
51.9774 2.5773 27.9318 2.5181
2.5773 23.4510 2.1986 22.9118
27.9318 2.1986 51.9774 2.5773
2.5181 22.9118 2.5773 23.4510
# 
# 
# Cov_xy56
# ----------------------------
51.9774 2.5773 -3.4776 1.6291
2.5773 23.4510 -22.3878 14.8227
-3.4776 -22.3878 82.4547 2.1003
1.6291 14.8227 2.1003 15.0223
# 
# 
# Cov_xy60
# ----------------------------
82.4547 2.1003 0.0000 0.0000
2.1003 15.0223 0.0000 0.0000
0.0000 0.0000 36.6997 2.4108
0.0000 0.0000 2.4108 6.5207
# 
# 
# Cov_xy61
# ----------------------------
82.4547 2.1003 0.0000 0.0000
2.1003 15.0223 0.0000 0.0000
0.0000 0.0000 31.6241 -2.6228
0.0000 0.0000 -2.6228 6.6248
# 
# 
# Cov_xy62
# ----------------------------
82.4547 2.1003 0.0000 0.0000
2.1003 15.0223 0.0000 0.0000
0.0000 0.0000 134.0201 -14.2296
0.0000 0.0000 -14.2296 10.0000
# 
# 
# Cov_xy63
# ----------------------------
82.4547 2.1003 0.0000 0.0000
2.1003 15.0223 0.0000 0.0000
0.0000 0.0000 73.2543 17.7314
0.0000 0.0000 17.7314 14.5009
# 
# 
# Cov_xy64
# ----------------------------
82.4547 2.1003 4.8578 0.4794
2.1003 15.0223 10.1694 3.4286
4.8578 10.1694 57.3193 10.2612
0.4794 3.4286 10.2612 13.2803
# 
# 
# Cov_xy65
# ----------------------------
82.4547 2.1003 0.0000 0.0000
2.1003 15.0223 0.0000 0.0000
0.0000 0.0000 51.9774 2.5773
0.0000 0.0000 2.5773 23.4510
# 
# 
# Cov_xy66
# ----------------------------
82.4547 2.1003 22.6558 2.0472
2.1003 15.0223 5.6738 14.6428
22.6558 5.6738 82.4547 2.1003
2.0472 14.6428 2.1003 15.0223
# 
# 
# mean of X
# ================================
190.7827
209.4078
237.2074
295.6481
326.0745
354.8560
379.5787
# 
# 
# mean of Y
# ================================
60.7182
62.4000
62.7407
64.7273
67.4727
69.5040
73.6296
# 
# 
