#==========================================================#
# CGOFMSM parameters (parametrization 2)                   #
#==========================================================#
#
#
# fuzzy parameters
# ================================
2ter:0.1356:0.1177:0.0000
#
#
# number of fuzzy steps
# ================================
4.000000000000000000e+00
# 
# 
# Cov_xy00
# ----------------------------
57.6466 7.6340 10.5299 7.5734
7.6340 7.6048 8.2300 7.5444
10.5299 8.2300 57.6466 7.6340
7.5734 7.5444 7.6340 7.6048
# 
# 
# Cov_xy01
# ----------------------------
57.6466 7.6340 -2.3251 7.3633
7.6340 7.6048 -3.0159 7.3350
-2.3251 -3.0159 135.7250 5.0565
7.3633 7.3350 5.0565 8.7964
# 
# 
# Cov_xy02
# ----------------------------
57.6466 7.6340 0.0000 0.0000
7.6340 7.6048 0.0000 0.0000
0.0000 0.0000 82.5064 16.9686
0.0000 0.0000 16.9686 14.2612
# 
# 
# Cov_xy03
# ----------------------------
57.6466 7.6340 0.0000 0.0000
7.6340 7.6048 0.0000 0.0000
0.0000 0.0000 60.2465 6.9909
0.0000 0.0000 6.9909 15.8565
# 
# 
# Cov_xy04
# ----------------------------
57.6466 7.6340 0.0000 0.0000
7.6340 7.6048 0.0000 0.0000
0.0000 0.0000 51.9774 2.5773
0.0000 0.0000 2.5773 23.4510
# 
# 
# Cov_xy05
# ----------------------------
57.6466 7.6340 0.0000 0.0000
7.6340 7.6048 0.0000 0.0000
0.0000 0.0000 82.4547 2.1003
0.0000 0.0000 2.1003 15.0223
# 
# 
# Cov_xy10
# ----------------------------
135.7250 5.0565 -3.1567 4.2947
5.0565 8.7964 6.4239 7.4712
-3.1567 6.4239 57.6466 7.6340
4.2947 7.4712 7.6340 7.6048
# 
# 
# Cov_xy11
# ----------------------------
135.7250 5.0565 53.7948 5.0321
5.0565 8.7964 6.0637 8.7539
53.7948 6.0637 135.7250 5.0565
5.0321 8.7539 5.0565 8.7964
# 
# 
# Cov_xy12
# ----------------------------
135.7250 5.0565 0.0000 0.0000
5.0565 8.7964 0.0000 0.0000
0.0000 0.0000 82.5064 16.9686
0.0000 0.0000 16.9686 14.2612
# 
# 
# Cov_xy13
# ----------------------------
135.7250 5.0565 0.0000 0.0000
5.0565 8.7964 0.0000 0.0000
0.0000 0.0000 60.2465 6.9909
0.0000 0.0000 6.9909 15.8565
# 
# 
# Cov_xy14
# ----------------------------
135.7250 5.0565 0.0000 0.0000
5.0565 8.7964 0.0000 0.0000
0.0000 0.0000 51.9774 2.5773
0.0000 0.0000 2.5773 23.4510
# 
# 
# Cov_xy15
# ----------------------------
135.7250 5.0565 0.0000 0.0000
5.0565 8.7964 0.0000 0.0000
0.0000 0.0000 82.4547 2.1003
0.0000 0.0000 2.1003 15.0223
# 
# 
# Cov_xy20
# ----------------------------
82.5064 16.9686 0.0000 0.0000
16.9686 14.2612 0.0000 0.0000
0.0000 0.0000 57.6466 7.6340
0.0000 0.0000 7.6340 7.6048
# 
# 
# Cov_xy21
# ----------------------------
82.5064 16.9686 0.0000 0.0000
16.9686 14.2612 0.0000 0.0000
0.0000 0.0000 135.7250 5.0565
0.0000 0.0000 5.0565 8.7964
# 
# 
# Cov_xy22
# ----------------------------
82.5064 16.9686 48.9438 16.5084
16.9686 14.2612 17.4982 13.8744
48.9438 17.4982 82.5064 16.9686
16.5084 13.8744 16.9686 14.2612
# 
# 
# Cov_xy23
# ----------------------------
82.5064 16.9686 2.3691 10.0393
16.9686 14.2612 -8.2484 8.4375
2.3691 -8.2484 60.2465 6.9909
10.0393 8.4375 6.9909 15.8565
# 
# 
# Cov_xy24
# ----------------------------
82.5064 16.9686 0.0000 0.0000
16.9686 14.2612 0.0000 0.0000
0.0000 0.0000 51.9774 2.5773
0.0000 0.0000 2.5773 23.4510
# 
# 
# Cov_xy25
# ----------------------------
82.5064 16.9686 0.0000 0.0000
16.9686 14.2612 0.0000 0.0000
0.0000 0.0000 82.4547 2.1003
0.0000 0.0000 2.1003 15.0223
# 
# 
# Cov_xy30
# ----------------------------
60.2465 6.9909 0.0000 0.0000
6.9909 15.8565 0.0000 0.0000
0.0000 0.0000 57.6466 7.6340
0.0000 0.0000 7.6340 7.6048
# 
# 
# Cov_xy31
# ----------------------------
60.2465 6.9909 0.0000 0.0000
6.9909 15.8565 0.0000 0.0000
0.0000 0.0000 135.7250 5.0565
0.0000 0.0000 5.0565 8.7964
# 
# 
# Cov_xy32
# ----------------------------
60.2465 6.9909 -22.3365 3.3507
6.9909 15.8565 2.2650 7.6000
-22.3365 2.2650 82.5064 16.9686
3.3507 7.6000 16.9686 14.2612
# 
# 
# Cov_xy33
# ----------------------------
60.2465 6.9909 6.5885 6.6547
6.9909 15.8565 9.5058 15.0940
6.5885 9.5058 60.2465 6.9909
6.6547 15.0940 6.9909 15.8565
# 
# 
# Cov_xy34
# ----------------------------
60.2465 6.9909 17.4031 6.7862
6.9909 15.8565 2.1051 15.3923
17.4031 2.1051 51.9774 2.5773
6.7862 15.3923 2.5773 23.4510
# 
# 
# Cov_xy35
# ----------------------------
60.2465 6.9909 18.3793 2.1515
6.9909 15.8565 -14.6240 4.8800
18.3793 -14.6240 82.4547 2.1003
2.1515 4.8800 2.1003 15.0223
# 
# 
# Cov_xy40
# ----------------------------
51.9774 2.5773 0.0000 0.0000
2.5773 23.4510 0.0000 0.0000
0.0000 0.0000 57.6466 7.6340
0.0000 0.0000 7.6340 7.6048
# 
# 
# Cov_xy41
# ----------------------------
51.9774 2.5773 -3.6067 0.3908
2.5773 23.4510 -4.9667 3.5556
-3.6067 -4.9667 135.7250 5.0565
0.3908 3.5556 5.0565 8.7964
# 
# 
# Cov_xy42
# ----------------------------
51.9774 2.5773 -35.0705 0.5014
2.5773 23.4510 1.3609 4.5625
-35.0705 1.3609 82.5064 16.9686
0.5014 4.5625 16.9686 14.2612
# 
# 
# Cov_xy43
# ----------------------------
51.9774 2.5773 0.0000 0.0000
2.5773 23.4510 0.0000 0.0000
0.0000 0.0000 60.2465 6.9909
0.0000 0.0000 6.9909 15.8565
# 
# 
# Cov_xy44
# ----------------------------
51.9774 2.5773 27.9318 2.5181
2.5773 23.4510 2.1986 22.9118
27.9318 2.1986 51.9774 2.5773
2.5181 22.9118 2.5773 23.4510
# 
# 
# Cov_xy45
# ----------------------------
51.9774 2.5773 -3.4776 1.6291
2.5773 23.4510 -22.3878 14.8227
-3.4776 -22.3878 82.4547 2.1003
1.6291 14.8227 2.1003 15.0223
# 
# 
# Cov_xy50
# ----------------------------
82.4547 2.1003 0.0000 0.0000
2.1003 15.0223 0.0000 0.0000
0.0000 0.0000 57.6466 7.6340
0.0000 0.0000 7.6340 7.6048
# 
# 
# Cov_xy51
# ----------------------------
82.4547 2.1003 0.0000 0.0000
2.1003 15.0223 0.0000 0.0000
0.0000 0.0000 135.7250 5.0565
0.0000 0.0000 5.0565 8.7964
# 
# 
# Cov_xy52
# ----------------------------
82.4547 2.1003 0.0000 0.0000
2.1003 15.0223 0.0000 0.0000
0.0000 0.0000 82.5064 16.9686
0.0000 0.0000 16.9686 14.2612
# 
# 
# Cov_xy53
# ----------------------------
82.4547 2.1003 4.8578 0.4794
2.1003 15.0223 10.1694 3.4286
4.8578 10.1694 60.2465 6.9909
0.4794 3.4286 6.9909 15.8565
# 
# 
# Cov_xy54
# ----------------------------
82.4547 2.1003 0.0000 0.0000
2.1003 15.0223 0.0000 0.0000
0.0000 0.0000 51.9774 2.5773
0.0000 0.0000 2.5773 23.4510
# 
# 
# Cov_xy55
# ----------------------------
82.4547 2.1003 22.6558 2.0472
2.1003 15.0223 5.6738 14.6428
22.6558 5.6738 82.4547 2.1003
2.0472 14.6428 2.1003 15.0223
# 
# 
# mean of X
# ================================
194.0347
218.4630
294.7595
326.2117
354.9653
379.5787
# 
# 
# mean of Y
# ================================
61.3400
62.2300
64.6709
67.3874
69.5968
73.6296
# 
# 
