#==========================================================#
# CGOFMSM parameters (parametrization 2 for interpolation) #
#==========================================================#
#
# Cov_xy00
# ----------------------------
123.3842 7.9924 34.3398 7.8759
7.9924 5.6699 7.6790 5.5873
34.3398 7.6790 123.3842 7.9924
7.8759 5.5873 7.9924 5.6699
# 
# 
# Cov_xy01
# ----------------------------
123.3842 7.9924 0.0000 0.0000
7.9924 5.6699 0.0000 0.0000
0.0000 0.0000 87.8158 -18.7465
0.0000 0.0000 -18.7465 -18.4519
# 
# 
# Cov_xy10
# ----------------------------
87.8158 -18.7465 0.0000 0.0000
-18.7465 -18.4519 0.0000 0.0000
0.0000 0.0000 123.3842 7.9924
0.0000 0.0000 7.9924 5.6699
# 
# 
# Cov_xy11
# ----------------------------
87.8158 -18.7465 23.0518 -19.2051
-18.7465 -18.4519 -18.4988 -18.9034
23.0518 -18.4988 87.8158 -18.7465
-19.2051 -18.9034 -18.7465 -18.4519
# 
# 
# mean of X
# ================================
195.2674
377.3423
# 
# 
# mean of Y
# ================================
60.4601
76.1979
# 
# 
