#==========================================================#
# CGOFMSM parameters (parametrization 2)                   #
#==========================================================#
#
#
# fuzzy parameters
# ================================
2ter:0.0119:0.0894:0.0000
#
#
# number of fuzzy steps
# ================================
8.000000000000000000e+00
# 
# 
# Cov_xy00
# ----------------------------
23.9649 1.5242 0.0000 0.0000
1.5242 1.3672 0.0000 0.0000
0.0000 0.0000 23.9649 1.5242
0.0000 0.0000 1.5242 1.3672
# 
# 
# Cov_xy01
# ----------------------------
23.9649 1.5242 0.0000 0.0000
1.5242 1.3672 0.0000 0.0000
0.0000 0.0000 4.2709 0.3526
0.0000 0.0000 0.3526 2.2449
# 
# 
# Cov_xy02
# ----------------------------
23.9649 1.5242 0.0000 0.0000
1.5242 1.3672 0.0000 0.0000
0.0000 0.0000 14.2341 0.7207
0.0000 0.0000 0.7207 9.9414
# 
# 
# Cov_xy03
# ----------------------------
23.9649 1.5242 0.0000 0.0000
1.5242 1.3672 0.0000 0.0000
0.0000 0.0000 9.2729 0.3875
0.0000 0.0000 0.3875 2.1588
# 
# 
# Cov_xy04
# ----------------------------
23.9649 1.5242 0.0000 0.0000
1.5242 1.3672 0.0000 0.0000
0.0000 0.0000 106.4939 -7.1571
0.0000 0.0000 -7.1571 10.8571
# 
# 
# Cov_xy05
# ----------------------------
23.9649 1.5242 0.0000 0.0000
1.5242 1.3672 0.0000 0.0000
0.0000 0.0000 45.7551 16.5798
0.0000 0.0000 16.5798 13.5147
# 
# 
# Cov_xy06
# ----------------------------
23.9649 1.5242 0.0000 0.0000
1.5242 1.3672 0.0000 0.0000
0.0000 0.0000 36.4139 -6.2541
0.0000 0.0000 -6.2541 13.3515
# 
# 
# Cov_xy07
# ----------------------------
23.9649 1.5242 0.0000 0.0000
1.5242 1.3672 0.0000 0.0000
0.0000 0.0000 50.5098 -5.5186
0.0000 0.0000 -5.5186 13.1230
# 
# 
# Cov_xy08
# ----------------------------
23.9649 1.5242 0.0000 0.0000
1.5242 1.3672 0.0000 0.0000
0.0000 0.0000 43.7291 -4.3064
0.0000 0.0000 -4.3064 22.8645
# 
# 
# Cov_xy09
# ----------------------------
23.9649 1.5242 0.0000 0.0000
1.5242 1.3672 0.0000 0.0000
0.0000 0.0000 65.5078 2.6883
0.0000 0.0000 2.6883 14.2854
# 
# 
# Cov_xy10
# ----------------------------
4.2709 0.3526 0.0000 0.0000
0.3526 2.2449 0.0000 0.0000
0.0000 0.0000 23.9649 1.5242
0.0000 0.0000 1.5242 1.3672
# 
# 
# Cov_xy11
# ----------------------------
4.2709 0.3526 0.0000 0.0000
0.3526 2.2449 0.0000 0.0000
0.0000 0.0000 4.2709 0.3526
0.0000 0.0000 0.3526 2.2449
# 
# 
# Cov_xy12
# ----------------------------
4.2709 0.3526 0.0000 0.0000
0.3526 2.2449 0.0000 0.0000
0.0000 0.0000 14.2341 0.7207
0.0000 0.0000 0.7207 9.9414
# 
# 
# Cov_xy13
# ----------------------------
4.2709 0.3526 0.0000 0.0000
0.3526 2.2449 0.0000 0.0000
0.0000 0.0000 9.2729 0.3875
0.0000 0.0000 0.3875 2.1588
# 
# 
# Cov_xy14
# ----------------------------
4.2709 0.3526 0.0000 0.0000
0.3526 2.2449 0.0000 0.0000
0.0000 0.0000 106.4939 -7.1571
0.0000 0.0000 -7.1571 10.8571
# 
# 
# Cov_xy15
# ----------------------------
4.2709 0.3526 0.0000 0.0000
0.3526 2.2449 0.0000 0.0000
0.0000 0.0000 45.7551 16.5798
0.0000 0.0000 16.5798 13.5147
# 
# 
# Cov_xy16
# ----------------------------
4.2709 0.3526 0.0000 0.0000
0.3526 2.2449 0.0000 0.0000
0.0000 0.0000 36.4139 -6.2541
0.0000 0.0000 -6.2541 13.3515
# 
# 
# Cov_xy17
# ----------------------------
4.2709 0.3526 0.0000 0.0000
0.3526 2.2449 0.0000 0.0000
0.0000 0.0000 50.5098 -5.5186
0.0000 0.0000 -5.5186 13.1230
# 
# 
# Cov_xy18
# ----------------------------
4.2709 0.3526 0.0000 0.0000
0.3526 2.2449 0.0000 0.0000
0.0000 0.0000 43.7291 -4.3064
0.0000 0.0000 -4.3064 22.8645
# 
# 
# Cov_xy19
# ----------------------------
4.2709 0.3526 0.0000 0.0000
0.3526 2.2449 0.0000 0.0000
0.0000 0.0000 65.5078 2.6883
0.0000 0.0000 2.6883 14.2854
# 
# 
# Cov_xy20
# ----------------------------
14.2341 0.7207 0.0000 0.0000
0.7207 9.9414 0.0000 0.0000
0.0000 0.0000 23.9649 1.5242
0.0000 0.0000 1.5242 1.3672
# 
# 
# Cov_xy21
# ----------------------------
14.2341 0.7207 0.0000 0.0000
0.7207 9.9414 0.0000 0.0000
0.0000 0.0000 4.2709 0.3526
0.0000 0.0000 0.3526 2.2449
# 
# 
# Cov_xy22
# ----------------------------
14.2341 0.7207 0.0000 0.0000
0.7207 9.9414 0.0000 0.0000
0.0000 0.0000 14.2341 0.7207
0.0000 0.0000 0.7207 9.9414
# 
# 
# Cov_xy23
# ----------------------------
14.2341 0.7207 0.0000 0.0000
0.7207 9.9414 0.0000 0.0000
0.0000 0.0000 9.2729 0.3875
0.0000 0.0000 0.3875 2.1588
# 
# 
# Cov_xy24
# ----------------------------
14.2341 0.7207 -2.9475 0.0136
0.7207 9.9414 0.8438 0.1875
-2.9475 0.8438 106.4939 -7.1571
0.0136 0.1875 -7.1571 10.8571
# 
# 
# Cov_xy25
# ----------------------------
14.2341 0.7207 0.0000 0.0000
0.7207 9.9414 0.0000 0.0000
0.0000 0.0000 45.7551 16.5798
0.0000 0.0000 16.5798 13.5147
# 
# 
# Cov_xy26
# ----------------------------
14.2341 0.7207 0.0000 0.0000
0.7207 9.9414 0.0000 0.0000
0.0000 0.0000 36.4139 -6.2541
0.0000 0.0000 -6.2541 13.3515
# 
# 
# Cov_xy27
# ----------------------------
14.2341 0.7207 0.0000 0.0000
0.7207 9.9414 0.0000 0.0000
0.0000 0.0000 50.5098 -5.5186
0.0000 0.0000 -5.5186 13.1230
# 
# 
# Cov_xy28
# ----------------------------
14.2341 0.7207 0.0000 0.0000
0.7207 9.9414 0.0000 0.0000
0.0000 0.0000 43.7291 -4.3064
0.0000 0.0000 -4.3064 22.8645
# 
# 
# Cov_xy29
# ----------------------------
14.2341 0.7207 0.0000 0.0000
0.7207 9.9414 0.0000 0.0000
0.0000 0.0000 65.5078 2.6883
0.0000 0.0000 2.6883 14.2854
# 
# 
# Cov_xy30
# ----------------------------
9.2729 0.3875 0.0000 0.0000
0.3875 2.1588 0.0000 0.0000
0.0000 0.0000 23.9649 1.5242
0.0000 0.0000 1.5242 1.3672
# 
# 
# Cov_xy31
# ----------------------------
9.2729 0.3875 0.0000 0.0000
0.3875 2.1588 0.0000 0.0000
0.0000 0.0000 4.2709 0.3526
0.0000 0.0000 0.3526 2.2449
# 
# 
# Cov_xy32
# ----------------------------
9.2729 0.3875 0.0000 0.0000
0.3875 2.1588 0.0000 0.0000
0.0000 0.0000 14.2341 0.7207
0.0000 0.0000 0.7207 9.9414
# 
# 
# Cov_xy33
# ----------------------------
9.2729 0.3875 0.0000 0.0000
0.3875 2.1588 0.0000 0.0000
0.0000 0.0000 9.2729 0.3875
0.0000 0.0000 0.3875 2.1588
# 
# 
# Cov_xy34
# ----------------------------
9.2729 0.3875 0.0000 0.0000
0.3875 2.1588 0.0000 0.0000
0.0000 0.0000 106.4939 -7.1571
0.0000 0.0000 -7.1571 10.8571
# 
# 
# Cov_xy35
# ----------------------------
9.2729 0.3875 0.0000 0.0000
0.3875 2.1588 0.0000 0.0000
0.0000 0.0000 45.7551 16.5798
0.0000 0.0000 16.5798 13.5147
# 
# 
# Cov_xy36
# ----------------------------
9.2729 0.3875 0.0000 0.0000
0.3875 2.1588 0.0000 0.0000
0.0000 0.0000 36.4139 -6.2541
0.0000 0.0000 -6.2541 13.3515
# 
# 
# Cov_xy37
# ----------------------------
9.2729 0.3875 0.0000 0.0000
0.3875 2.1588 0.0000 0.0000
0.0000 0.0000 50.5098 -5.5186
0.0000 0.0000 -5.5186 13.1230
# 
# 
# Cov_xy38
# ----------------------------
9.2729 0.3875 0.0000 0.0000
0.3875 2.1588 0.0000 0.0000
0.0000 0.0000 43.7291 -4.3064
0.0000 0.0000 -4.3064 22.8645
# 
# 
# Cov_xy39
# ----------------------------
9.2729 0.3875 0.0000 0.0000
0.3875 2.1588 0.0000 0.0000
0.0000 0.0000 65.5078 2.6883
0.0000 0.0000 2.6883 14.2854
# 
# 
# Cov_xy40
# ----------------------------
106.4939 -7.1571 0.0000 -0.0000
-7.1571 10.8571 0.0000 0.0000
0.0000 0.0000 23.9649 1.5242
-0.0000 0.0000 1.5242 1.3672
# 
# 
# Cov_xy41
# ----------------------------
106.4939 -7.1571 0.0000 -0.0000
-7.1571 10.8571 0.0000 0.0000
0.0000 0.0000 4.2709 0.3526
-0.0000 0.0000 0.3526 2.2449
# 
# 
# Cov_xy42
# ----------------------------
106.4939 -7.1571 0.0000 -0.0000
-7.1571 10.8571 0.0000 0.0000
0.0000 0.0000 14.2341 0.7207
-0.0000 0.0000 0.7207 9.9414
# 
# 
# Cov_xy43
# ----------------------------
106.4939 -7.1571 0.0000 -0.0000
-7.1571 10.8571 0.0000 0.0000
0.0000 0.0000 9.2729 0.3875
-0.0000 0.0000 0.3875 2.1588
# 
# 
# Cov_xy44
# ----------------------------
106.4939 -7.1571 0.0000 -0.0000
-7.1571 10.8571 0.0000 0.0000
0.0000 0.0000 106.4939 -7.1571
-0.0000 0.0000 -7.1571 10.8571
# 
# 
# Cov_xy45
# ----------------------------
106.4939 -7.1571 0.0000 -0.0000
-7.1571 10.8571 0.0000 0.0000
0.0000 0.0000 45.7551 16.5798
-0.0000 0.0000 16.5798 13.5147
# 
# 
# Cov_xy46
# ----------------------------
106.4939 -7.1571 0.0000 -0.0000
-7.1571 10.8571 0.0000 0.0000
0.0000 0.0000 36.4139 -6.2541
-0.0000 0.0000 -6.2541 13.3515
# 
# 
# Cov_xy47
# ----------------------------
106.4939 -7.1571 0.0000 -0.0000
-7.1571 10.8571 0.0000 0.0000
0.0000 0.0000 50.5098 -5.5186
-0.0000 0.0000 -5.5186 13.1230
# 
# 
# Cov_xy48
# ----------------------------
106.4939 -7.1571 0.0000 -0.0000
-7.1571 10.8571 0.0000 0.0000
0.0000 0.0000 43.7291 -4.3064
-0.0000 0.0000 -4.3064 22.8645
# 
# 
# Cov_xy49
# ----------------------------
106.4939 -7.1571 0.0000 -0.0000
-7.1571 10.8571 0.0000 0.0000
0.0000 0.0000 65.5078 2.6883
-0.0000 0.0000 2.6883 14.2854
# 
# 
# Cov_xy50
# ----------------------------
45.7551 16.5798 0.0000 0.0000
16.5798 13.5147 0.0000 0.0000
0.0000 0.0000 23.9649 1.5242
0.0000 0.0000 1.5242 1.3672
# 
# 
# Cov_xy51
# ----------------------------
45.7551 16.5798 0.0000 0.0000
16.5798 13.5147 0.0000 0.0000
0.0000 0.0000 4.2709 0.3526
0.0000 0.0000 0.3526 2.2449
# 
# 
# Cov_xy52
# ----------------------------
45.7551 16.5798 0.0000 0.0000
16.5798 13.5147 0.0000 0.0000
0.0000 0.0000 14.2341 0.7207
0.0000 0.0000 0.7207 9.9414
# 
# 
# Cov_xy53
# ----------------------------
45.7551 16.5798 0.0000 0.0000
16.5798 13.5147 0.0000 0.0000
0.0000 0.0000 9.2729 0.3875
0.0000 0.0000 0.3875 2.1588
# 
# 
# Cov_xy54
# ----------------------------
45.7551 16.5798 0.0000 0.0000
16.5798 13.5147 0.0000 0.0000
0.0000 0.0000 106.4939 -7.1571
0.0000 0.0000 -7.1571 10.8571
# 
# 
# Cov_xy55
# ----------------------------
45.7551 16.5798 27.9243 16.0046
16.5798 13.5147 17.5461 13.0458
27.9243 17.5461 45.7551 16.5798
16.0046 13.0458 16.5798 13.5147
# 
# 
# Cov_xy56
# ----------------------------
45.7551 16.5798 -8.0934 10.9178
16.5798 13.5147 -9.4142 8.8994
-8.0934 -9.4142 36.4139 -6.2541
10.9178 8.8994 -6.2541 13.3515
# 
# 
# Cov_xy57
# ----------------------------
45.7551 16.5798 -5.0140 7.8515
16.5798 13.5147 -13.8400 6.4000
-5.0140 -13.8400 50.5098 -5.5186
7.8515 6.4000 -5.5186 13.1230
# 
# 
# Cov_xy58
# ----------------------------
45.7551 16.5798 0.0000 0.0000
16.5798 13.5147 0.0000 0.0000
0.0000 0.0000 43.7291 -4.3064
0.0000 0.0000 -4.3064 22.8645
# 
# 
# Cov_xy59
# ----------------------------
45.7551 16.5798 0.0000 0.0000
16.5798 13.5147 0.0000 0.0000
0.0000 0.0000 65.5078 2.6883
0.0000 0.0000 2.6883 14.2854
# 
# 
# Cov_xy60
# ----------------------------
36.4139 -6.2541 0.0000 -0.0000
-6.2541 13.3515 0.0000 0.0000
0.0000 0.0000 23.9649 1.5242
-0.0000 0.0000 1.5242 1.3672
# 
# 
# Cov_xy61
# ----------------------------
36.4139 -6.2541 0.0000 -0.0000
-6.2541 13.3515 0.0000 0.0000
0.0000 0.0000 4.2709 0.3526
-0.0000 0.0000 0.3526 2.2449
# 
# 
# Cov_xy62
# ----------------------------
36.4139 -6.2541 0.0000 -0.0000
-6.2541 13.3515 0.0000 0.0000
0.0000 0.0000 14.2341 0.7207
-0.0000 0.0000 0.7207 9.9414
# 
# 
# Cov_xy63
# ----------------------------
36.4139 -6.2541 0.0000 -0.0000
-6.2541 13.3515 0.0000 0.0000
0.0000 0.0000 9.2729 0.3875
-0.0000 0.0000 0.3875 2.1588
# 
# 
# Cov_xy64
# ----------------------------
36.4139 -6.2541 0.0000 -0.0000
-6.2541 13.3515 0.0000 0.0000
0.0000 0.0000 106.4939 -7.1571
-0.0000 0.0000 -7.1571 10.8571
# 
# 
# Cov_xy65
# ----------------------------
36.4139 -6.2541 0.9541 -4.4125
-6.2541 13.3515 7.2080 9.4200
0.9541 7.2080 45.7551 16.5798
-4.4125 9.4200 16.5798 13.5147
# 
# 
# Cov_xy66
# ----------------------------
36.4139 -6.2541 15.2661 -5.9981
-6.2541 13.3515 -6.9027 12.8050
15.2661 -6.9027 36.4139 -6.2541
-5.9981 12.8050 -6.2541 13.3515
# 
# 
# Cov_xy67
# ----------------------------
36.4139 -6.2541 0.0000 -0.0000
-6.2541 13.3515 0.0000 0.0000
0.0000 0.0000 50.5098 -5.5186
-0.0000 0.0000 -5.5186 13.1230
# 
# 
# Cov_xy68
# ----------------------------
36.4139 -6.2541 0.0000 -0.0000
-6.2541 13.3515 0.0000 0.0000
0.0000 0.0000 43.7291 -4.3064
-0.0000 0.0000 -4.3064 22.8645
# 
# 
# Cov_xy69
# ----------------------------
36.4139 -6.2541 0.0000 -0.0000
-6.2541 13.3515 0.0000 0.0000
0.0000 0.0000 65.5078 2.6883
-0.0000 0.0000 2.6883 14.2854
# 
# 
# Cov_xy70
# ----------------------------
50.5098 -5.5186 0.0000 -0.0000
-5.5186 13.1230 0.0000 0.0000
0.0000 0.0000 23.9649 1.5242
-0.0000 0.0000 1.5242 1.3672
# 
# 
# Cov_xy71
# ----------------------------
50.5098 -5.5186 0.0000 -0.0000
-5.5186 13.1230 0.0000 0.0000
0.0000 0.0000 4.2709 0.3526
-0.0000 0.0000 0.3526 2.2449
# 
# 
# Cov_xy72
# ----------------------------
50.5098 -5.5186 0.0000 -0.0000
-5.5186 13.1230 0.0000 0.0000
0.0000 0.0000 14.2341 0.7207
-0.0000 0.0000 0.7207 9.9414
# 
# 
# Cov_xy73
# ----------------------------
50.5098 -5.5186 0.0000 -0.0000
-5.5186 13.1230 0.0000 0.0000
0.0000 0.0000 9.2729 0.3875
-0.0000 0.0000 0.3875 2.1588
# 
# 
# Cov_xy74
# ----------------------------
50.5098 -5.5186 0.0000 -0.0000
-5.5186 13.1230 0.0000 0.0000
0.0000 0.0000 106.4939 -7.1571
-0.0000 0.0000 -7.1571 10.8571
# 
# 
# Cov_xy75
# ----------------------------
50.5098 -5.5186 13.5860 -1.2111
-5.5186 13.1230 8.3800 2.8800
13.5860 8.3800 45.7551 16.5798
-1.2111 2.8800 16.5798 13.5147
# 
# 
# Cov_xy76
# ----------------------------
50.5098 -5.5186 -5.2028 -4.1324
-5.5186 13.1230 4.5194 9.8265
-5.2028 4.5194 36.4139 -6.2541
-4.1324 9.8265 -6.2541 13.3515
# 
# 
# Cov_xy77
# ----------------------------
50.5098 -5.5186 9.0213 -5.4294
-5.5186 13.1230 -3.9601 12.9109
9.0213 -3.9601 50.5098 -5.5186
-5.4294 12.9109 -5.5186 13.1230
# 
# 
# Cov_xy78
# ----------------------------
50.5098 -5.5186 0.0000 -0.0000
-5.5186 13.1230 0.0000 0.0000
0.0000 0.0000 43.7291 -4.3064
-0.0000 0.0000 -4.3064 22.8645
# 
# 
# Cov_xy79
# ----------------------------
50.5098 -5.5186 20.6992 -1.8135
-5.5186 13.1230 -22.2078 4.3125
20.6992 -22.2078 65.5078 2.6883
-1.8135 4.3125 2.6883 14.2854
# 
# 
# Cov_xy80
# ----------------------------
43.7291 -4.3064 0.0000 -0.0000
-4.3064 22.8645 0.0000 0.0000
0.0000 0.0000 23.9649 1.5242
-0.0000 0.0000 1.5242 1.3672
# 
# 
# Cov_xy81
# ----------------------------
43.7291 -4.3064 0.0000 -0.0000
-4.3064 22.8645 0.0000 0.0000
0.0000 0.0000 4.2709 0.3526
-0.0000 0.0000 0.3526 2.2449
# 
# 
# Cov_xy82
# ----------------------------
43.7291 -4.3064 0.0000 -0.0000
-4.3064 22.8645 0.0000 0.0000
0.0000 0.0000 14.2341 0.7207
-0.0000 0.0000 0.7207 9.9414
# 
# 
# Cov_xy83
# ----------------------------
43.7291 -4.3064 0.0000 -0.0000
-4.3064 22.8645 0.0000 0.0000
0.0000 0.0000 9.2729 0.3875
-0.0000 0.0000 0.3875 2.1588
# 
# 
# Cov_xy84
# ----------------------------
43.7291 -4.3064 -3.6067 -0.6697
-4.3064 22.8645 -4.9667 3.5556
-3.6067 -4.9667 106.4939 -7.1571
-0.6697 3.5556 -7.1571 10.8571
# 
# 
# Cov_xy85
# ----------------------------
43.7291 -4.3064 -13.6112 -1.2958
-4.3064 22.8645 8.5560 6.8800
-13.6112 8.5560 45.7551 16.5798
-1.2958 6.8800 16.5798 13.5147
# 
# 
# Cov_xy86
# ----------------------------
43.7291 -4.3064 0.0000 -0.0000
-4.3064 22.8645 0.0000 0.0000
0.0000 0.0000 36.4139 -6.2541
-0.0000 0.0000 -6.2541 13.3515
# 
# 
# Cov_xy87
# ----------------------------
43.7291 -4.3064 0.0000 -0.0000
-4.3064 22.8645 0.0000 0.0000
0.0000 0.0000 50.5098 -5.5186
-0.0000 0.0000 -5.5186 13.1230
# 
# 
# Cov_xy88
# ----------------------------
43.7291 -4.3064 12.6951 -4.1873
-4.3064 22.8645 -3.1483 22.2323
12.6951 -3.1483 43.7291 -4.3064
-4.1873 22.2323 -4.3064 22.8645
# 
# 
# Cov_xy89
# ----------------------------
43.7291 -4.3064 0.0000 -0.0000
-4.3064 22.8645 0.0000 0.0000
0.0000 0.0000 65.5078 2.6883
-0.0000 0.0000 2.6883 14.2854
# 
# 
# Cov_xy90
# ----------------------------
65.5078 2.6883 0.0000 0.0000
2.6883 14.2854 0.0000 0.0000
0.0000 0.0000 23.9649 1.5242
0.0000 0.0000 1.5242 1.3672
# 
# 
# Cov_xy91
# ----------------------------
65.5078 2.6883 0.0000 0.0000
2.6883 14.2854 0.0000 0.0000
0.0000 0.0000 4.2709 0.3526
0.0000 0.0000 0.3526 2.2449
# 
# 
# Cov_xy92
# ----------------------------
65.5078 2.6883 0.0000 0.0000
2.6883 14.2854 0.0000 0.0000
0.0000 0.0000 14.2341 0.7207
0.0000 0.0000 0.7207 9.9414
# 
# 
# Cov_xy93
# ----------------------------
65.5078 2.6883 0.0000 0.0000
2.6883 14.2854 0.0000 0.0000
0.0000 0.0000 9.2729 0.3875
0.0000 0.0000 0.3875 2.1588
# 
# 
# Cov_xy94
# ----------------------------
65.5078 2.6883 0.0000 0.0000
2.6883 14.2854 0.0000 0.0000
0.0000 0.0000 106.4939 -7.1571
0.0000 0.0000 -7.1571 10.8571
# 
# 
# Cov_xy95
# ----------------------------
65.5078 2.6883 0.0000 0.0000
2.6883 14.2854 0.0000 0.0000
0.0000 0.0000 45.7551 16.5798
0.0000 0.0000 16.5798 13.5147
# 
# 
# Cov_xy96
# ----------------------------
65.5078 2.6883 0.0000 0.0000
2.6883 14.2854 0.0000 0.0000
0.0000 0.0000 36.4139 -6.2541
0.0000 0.0000 -6.2541 13.3515
# 
# 
# Cov_xy97
# ----------------------------
65.5078 2.6883 -9.5138 0.4234
2.6883 14.2854 -4.7250 2.2500
-9.5138 -4.7250 50.5098 -5.5186
0.4234 2.2500 -5.5186 13.1230
# 
# 
# Cov_xy98
# ----------------------------
65.5078 2.6883 0.0000 0.0000
2.6883 14.2854 0.0000 0.0000
0.0000 0.0000 43.7291 -4.3064
0.0000 0.0000 -4.3064 22.8645
# 
# 
# Cov_xy99
# ----------------------------
65.5078 2.6883 11.9368 2.6242
2.6883 14.2854 4.1875 13.9450
11.9368 4.1875 65.5078 2.6883
2.6242 13.9450 2.6883 14.2854
# 
# 
# mean of X
# ================================
184.3838
192.5786
215.1682
202.9028
240.7571
291.7018
313.6117
334.1424
359.2766
382.1782
# 
# 
# mean of Y
# ================================
59.7297
61.2143
62.1515
62.4583
62.4762
64.5088
65.7833
67.9674
70.4758
73.9080
# 
# 
