#=====================================#
# parameters for CGOFMSM with F discrete classes # 
#=====================================# 
# 
# 
# matrix Cov_XY 
# ===============================================#
# 
# number of fuzzy steps
# ================================
3.000000000000000000e+00
# 
# 
# Cov_xy00
# ----------------------------
307007766.2334 1162323.5113 283001628.6157 434818.0384
1162323.5113 88319.1080 3038890.0776 33039.6322
283001628.6157 3038890.0776 307007766.2334 1162323.5113
434818.0384 33039.6322 1162323.5113 88319.1080
# 
# 
# Cov_xy01
# ----------------------------
307007766.2334 1162323.5113 166211083.3071 1060393.1536
1162323.5113 88319.1080 1373114.3685 80573.9336
166211083.3071 1373114.3685 4903191114.7867 9787219.9505
1060393.1536 80573.9336 9787219.9505 93624.4950
# 
# 
# Cov_xy02
# ----------------------------
307007766.2334 1162323.5113 0.0000 0.0000
1162323.5113 88319.1080 0.0000 0.0000
0.0000 0.0000 597568121.5109 -6254264.6574
0.0000 0.0000 -6254264.6574 106631.7539
# 
# 
# Cov_xy03
# ----------------------------
307007766.2334 1162323.5113 0.0000 0.0000
1162323.5113 88319.1080 0.0000 0.0000
0.0000 0.0000 156555164.9455 -758828.8453
0.0000 0.0000 -758828.8453 25587.0814
# 
# 
# Cov_xy04
# ----------------------------
307007766.2334 1162323.5113 0.0000 0.0000
1162323.5113 88319.1080 0.0000 0.0000
0.0000 0.0000 5192795.0517 -65101.9545
0.0000 0.0000 -65101.9545 5123.1686
# 
# 
# Cov_xy10
# ----------------------------
4903191114.7867 9787219.9505 236668756.8540 7483297.5018
9787219.9505 93624.4950 -739579.0877 71585.1849
236668756.8540 -739579.0877 307007766.2334 1162323.5113
7483297.5018 71585.1849 1162323.5113 88319.1080
# 
# 
# Cov_xy11
# ----------------------------
4903191114.7867 9787219.9505 4585890365.1321 5951153.9435
9787219.9505 93624.4950 15897519.6811 56928.7076
4585890365.1321 15897519.6811 4903191114.7867 9787219.9505
5951153.9435 56928.7076 9787219.9505 93624.4950
# 
# 
# Cov_xy12
# ----------------------------
4903191114.7867 9787219.9505 -1749530394.4314 5291765.2488
9787219.9505 93624.4950 -23121706.0099 50620.9988
-1749530394.4314 -23121706.0099 597568121.5109 -6254264.6574
5291765.2488 50620.9988 -6254264.6574 106631.7539
# 
# 
# Cov_xy13
# ----------------------------
4903191114.7867 9787219.9505 54824612322.5295 10499881.5974
9787219.9505 93624.4950 116168468.0500 100441.8126
54824612322.5295 116168468.0500 156555164.9455 -758828.8453
10499881.5974 100441.8126 -758828.8453 25587.0814
# 
# 
# Cov_xy14
# ----------------------------
4903191114.7867 9787219.9505 0.0000 0.0000
9787219.9505 93624.4950 0.0000 0.0000
0.0000 0.0000 5192795.0517 -65101.9545
0.0000 0.0000 -65101.9545 5123.1686
# 
# 
# Cov_xy20
# ----------------------------
597568121.5109 -6254264.6574 0.0000 0.0000
-6254264.6574 106631.7539 0.0000 0.0000
0.0000 0.0000 307007766.2334 1162323.5113
0.0000 0.0000 1162323.5113 88319.1080
# 
# 
# Cov_xy21
# ----------------------------
597568121.5109 -6254264.6574 27203642.5772 -4029984.3352
-6254264.6574 106631.7539 -303387.2599 68709.0044
27203642.5772 -303387.2599 4903191114.7867 9787219.9505
-4029984.3352 68709.0044 9787219.9505 93624.4950
# 
# 
# Cov_xy22
# ----------------------------
597568121.5109 -6254264.6574 572396511.1066 -5222236.9349
-6254264.6574 106631.7539 -7413451.8014 89036.2519
572396511.1066 -7413451.8014 597568121.5109 -6254264.6574
-5222236.9349 89036.2519 -6254264.6574 106631.7539
# 
# 
# Cov_xy23
# ----------------------------
597568121.5109 -6254264.6574 172890270.4531 -5899203.3841
-6254264.6574 106631.7539 -3195243.6750 100578.1555
172890270.4531 -3195243.6750 156555164.9455 -758828.8453
-5899203.3841 100578.1555 -758828.8453 25587.0814
# 
# 
# Cov_xy24
# ----------------------------
597568121.5109 -6254264.6574 1195136243.0218 0.0000
-6254264.6574 106631.7539 -12508529.3147 0.0000
1195136243.0218 -12508529.3147 5192795.0517 -65101.9545
0.0000 0.0000 -65101.9545 5123.1686
# 
# 
# Cov_xy30
# ----------------------------
156555164.9455 -758828.8453 0.0000 0.0000
-758828.8453 25587.0814 0.0000 0.0000
0.0000 0.0000 307007766.2334 1162323.5113
0.0000 0.0000 1162323.5113 88319.1080
# 
# 
# Cov_xy31
# ----------------------------
156555164.9455 -758828.8453 0.0000 0.0000
-758828.8453 25587.0814 0.0000 0.0000
0.0000 0.0000 4903191114.7867 9787219.9505
0.0000 0.0000 9787219.9505 93624.4950
# 
# 
# Cov_xy32
# ----------------------------
156555164.9455 -758828.8453 96409611.3802 -626027.0216
-758828.8453 25587.0814 -2065470.8689 21109.1137
96409611.3802 -2065470.8689 597568121.5109 -6254264.6574
-626027.0216 21109.1137 -6254264.6574 106631.7539
# 
# 
# Cov_xy33
# ----------------------------
156555164.9455 -758828.8453 134997239.9364 -354454.5760
-758828.8453 25587.0814 -1592064.8009 11951.9153
134997239.9364 -1592064.8009 156555164.9455 -758828.8453
-354454.5760 11951.9153 -758828.8453 25587.0814
# 
# 
# Cov_xy34
# ----------------------------
156555164.9455 -758828.8453 94562346.6557 -704260.1586
-758828.8453 25587.0814 -974767.4573 23747.0704
94562346.6557 -974767.4573 5192795.0517 -65101.9545
-704260.1586 23747.0704 -65101.9545 5123.1686
# 
# 
# Cov_xy40
# ----------------------------
5192795.0517 -65101.9545 0.0000 0.0000
-65101.9545 5123.1686 0.0000 0.0000
0.0000 0.0000 307007766.2334 1162323.5113
0.0000 0.0000 1162323.5113 88319.1080
# 
# 
# Cov_xy41
# ----------------------------
5192795.0517 -65101.9545 0.0000 0.0000
-65101.9545 5123.1686 0.0000 0.0000
0.0000 0.0000 4903191114.7867 9787219.9505
0.0000 0.0000 9787219.9505 93624.4950
# 
# 
# Cov_xy42
# ----------------------------
5192795.0517 -65101.9545 0.0000 0.0000
-65101.9545 5123.1686 0.0000 0.0000
0.0000 0.0000 597568121.5109 -6254264.6574
0.0000 0.0000 -6254264.6574 106631.7539
# 
# 
# Cov_xy43
# ----------------------------
5192795.0517 -65101.9545 27682550.1747 -19532.9079
-65101.9545 5123.1686 -2032191.3472 1537.1333
27682550.1747 -2032191.3472 156555164.9455 -758828.8453
-19532.9079 1537.1333 -758828.8453 25587.0814
# 
# 
# Cov_xy44
# ----------------------------
5192795.0517 -65101.9545 4498569.1856 -31603.7624
-65101.9545 5123.1686 -131081.3311 2487.0437
4498569.1856 -131081.3311 5192795.0517 -65101.9545
-31603.7624 2487.0437 -65101.9545 5123.1686
# 
# 
# mean of X
# ================================
28.2876
132.5556
315.1975
431.2585
766.4709
# 
# 
# mean of Y
# ================================
111.3838
114.2270
113.6537
112.5138
98.2365
# 
# 
