#=====================================#
# parameters for CGOFMSM with F discrete classes # 
#=====================================# 
# 
# 
# matrix Cov_XY 
# ===============================================#
# 
# number of fuzzy steps
# ================================
5.000000000000000000e+00
# 
# 
# Cov_xy00
# ----------------------------
3072337.7861 -65295.4896 2158394.9984 -5731.5624
-65295.4896 255412.0206 -674540.7414 22419.7710
2158394.9984 -674540.7414 3072337.7861 -65295.4896
-5731.5624 22419.7710 -65295.4896 255412.0206
# 
# 
# Cov_xy01
# ----------------------------
3072337.7861 -65295.4896 -152519448.0982 12268.0069
-65295.4896 255412.0206 606166667.4334 -47987.9459
-152519448.0982 606166667.4334 2549980368.6479 -3671817.0036
12268.0069 -47987.9459 -3671817.0036 210075.0623
# 
# 
# Cov_xy02
# ----------------------------
3072337.7861 -65295.4896 0.0000 0.0000
-65295.4896 255412.0206 0.0000 0.0000
0.0000 0.0000 14905134229.1110 -10658161.0056
0.0000 0.0000 -10658161.0056 142775.7773
# 
# 
# Cov_xy03
# ----------------------------
3072337.7861 -65295.4896 0.0000 0.0000
-65295.4896 255412.0206 0.0000 0.0000
0.0000 0.0000 568301995.5129 10926239.7299
0.0000 0.0000 10926239.7299 320991.6299
# 
# 
# Cov_xy04
# ----------------------------
3072337.7861 -65295.4896 0.0000 0.0000
-65295.4896 255412.0206 0.0000 0.0000
0.0000 0.0000 32077218979.9354 -21566676.7183
0.0000 0.0000 -21566676.7183 57579.6526
# 
# 
# Cov_xy05
# ----------------------------
3072337.7861 -65295.4896 0.0000 0.0000
-65295.4896 255412.0206 0.0000 0.0000
0.0000 0.0000 2989542696.9676 -1865457.1493
0.0000 0.0000 -1865457.1493 15222.7643
# 
# 
# Cov_xy06
# ----------------------------
3072337.7861 -65295.4896 0.0000 0.0000
-65295.4896 255412.0206 0.0000 0.0000
0.0000 0.0000 919904099.4751 -1034336.4654
0.0000 0.0000 -1034336.4654 2371.7762
# 
# 
# Cov_xy10
# ----------------------------
2549980368.6479 -3671817.0036 955675375.4182 1950933.0061
-3671817.0036 210075.0623 74008119.1371 -111618.4092
955675375.4182 74008119.1371 3072337.7861 -65295.4896
1950933.0061 -111618.4092 -65295.4896 255412.0206
# 
# 
# Cov_xy11
# ----------------------------
2549980368.6479 -3671817.0036 1974074240.3634 -742777.2478
-3671817.0036 210075.0623 -17306689.2174 42496.3925
1974074240.3634 -17306689.2174 2549980368.6479 -3671817.0036
-742777.2478 42496.3925 -3671817.0036 210075.0623
# 
# 
# Cov_xy12
# ----------------------------
2549980368.6479 -3671817.0036 -859654854.4093 -3252654.9493
-3671817.0036 210075.0623 44838318.9760 186093.6126
-859654854.4093 44838318.9760 14905134229.1110 -10658161.0056
-3252654.9493 186093.6126 -10658161.0056 142775.7773
# 
# 
# Cov_xy13
# ----------------------------
2549980368.6479 -3671817.0036 0.0000 0.0000
-3671817.0036 210075.0623 0.0000 0.0000
0.0000 0.0000 568301995.5129 10926239.7299
0.0000 0.0000 10926239.7299 320991.6299
# 
# 
# Cov_xy14
# ----------------------------
2549980368.6479 -3671817.0036 0.0000 0.0000
-3671817.0036 210075.0623 0.0000 0.0000
0.0000 0.0000 32077218979.9354 -21566676.7183
0.0000 0.0000 -21566676.7183 57579.6526
# 
# 
# Cov_xy15
# ----------------------------
2549980368.6479 -3671817.0036 0.0000 0.0000
-3671817.0036 210075.0623 0.0000 0.0000
0.0000 0.0000 2989542696.9676 -1865457.1493
0.0000 0.0000 -1865457.1493 15222.7643
# 
# 
# Cov_xy16
# ----------------------------
2549980368.6479 -3671817.0036 0.0000 0.0000
-3671817.0036 210075.0623 0.0000 0.0000
0.0000 0.0000 919904099.4751 -1034336.4654
0.0000 0.0000 -1034336.4654 2371.7762
# 
# 
# Cov_xy20
# ----------------------------
14905134229.1110 -10658161.0056 0.0000 0.0000
-10658161.0056 142775.7773 0.0000 0.0000
0.0000 0.0000 3072337.7861 -65295.4896
0.0000 0.0000 -65295.4896 255412.0206
# 
# 
# Cov_xy21
# ----------------------------
14905134229.1110 -10658161.0056 1617474698.9404 -7762847.9939
-10658161.0056 142775.7773 8766921.1067 103990.4216
1617474698.9404 8766921.1067 2549980368.6479 -3671817.0036
-7762847.9939 103990.4216 -3671817.0036 210075.0623
# 
# 
# Cov_xy22
# ----------------------------
14905134229.1110 -10658161.0056 8402066643.2475 -2521809.0764
-10658161.0056 142775.7773 -43077569.2643 33781.9302
8402066643.2475 -43077569.2643 14905134229.1110 -10658161.0056
-2521809.0764 33781.9302 -10658161.0056 142775.7773
# 
# 
# Cov_xy23
# ----------------------------
14905134229.1110 -10658161.0056 6314461535.7917 -11570224.5091
-10658161.0056 142775.7773 -10429505.2344 154993.6989
6314461535.7917 -10429505.2344 568301995.5129 10926239.7299
-11570224.5091 154993.6989 10926239.7299 320991.6299
# 
# 
# Cov_xy24
# ----------------------------
14905134229.1110 -10658161.0056 0.0000 0.0000
-10658161.0056 142775.7773 0.0000 0.0000
0.0000 0.0000 32077218979.9354 -21566676.7183
0.0000 0.0000 -21566676.7183 57579.6526
# 
# 
# Cov_xy25
# ----------------------------
14905134229.1110 -10658161.0056 0.0000 0.0000
-10658161.0056 142775.7773 0.0000 0.0000
0.0000 0.0000 2989542696.9676 -1865457.1493
0.0000 0.0000 -1865457.1493 15222.7643
# 
# 
# Cov_xy26
# ----------------------------
14905134229.1110 -10658161.0056 0.0000 0.0000
-10658161.0056 142775.7773 0.0000 0.0000
0.0000 0.0000 919904099.4751 -1034336.4654
0.0000 0.0000 -1034336.4654 2371.7762
# 
# 
# Cov_xy30
# ----------------------------
568301995.5129 10926239.7299 0.0000 0.0000
10926239.7299 320991.6299 0.0000 0.0000
0.0000 0.0000 3072337.7861 -65295.4896
0.0000 0.0000 -65295.4896 255412.0206
# 
# 
# Cov_xy31
# ----------------------------
568301995.5129 10926239.7299 0.0000 0.0000
10926239.7299 320991.6299 0.0000 0.0000
0.0000 0.0000 2549980368.6479 -3671817.0036
0.0000 0.0000 -3671817.0036 210075.0623
# 
# 
# Cov_xy32
# ----------------------------
568301995.5129 10926239.7299 6177082433.1387 5610747.6795
10926239.7299 320991.6299 176031113.6494 164832.8325
6177082433.1387 176031113.6494 14905134229.1110 -10658161.0056
5610747.6795 164832.8325 -10658161.0056 142775.7773
# 
# 
# Cov_xy33
# ----------------------------
568301995.5129 10926239.7299 548774366.9642 9351882.5362
10926239.7299 320991.6299 12608544.6701 274740.0837
548774366.9642 12608544.6701 568301995.5129 10926239.7299
9351882.5362 274740.0837 10926239.7299 320991.6299
# 
# 
# Cov_xy34
# ----------------------------
568301995.5129 10926239.7299 1929802116.0145 276518.9815
10926239.7299 320991.6299 56156990.3752 8123.5888
1929802116.0145 56156990.3752 32077218979.9354 -21566676.7183
276518.9815 8123.5888 -21566676.7183 57579.6526
# 
# 
# Cov_xy35
# ----------------------------
568301995.5129 10926239.7299 0.0000 0.0000
10926239.7299 320991.6299 0.0000 0.0000
0.0000 0.0000 2989542696.9676 -1865457.1493
0.0000 0.0000 -1865457.1493 15222.7643
# 
# 
# Cov_xy36
# ----------------------------
568301995.5129 10926239.7299 0.0000 0.0000
10926239.7299 320991.6299 0.0000 0.0000
0.0000 0.0000 919904099.4751 -1034336.4654
0.0000 0.0000 -1034336.4654 2371.7762
# 
# 
# Cov_xy40
# ----------------------------
32077218979.9354 -21566676.7183 0.0000 0.0000
-21566676.7183 57579.6526 0.0000 0.0000
0.0000 0.0000 3072337.7861 -65295.4896
0.0000 0.0000 -65295.4896 255412.0206
# 
# 
# Cov_xy41
# ----------------------------
32077218979.9354 -21566676.7183 0.0000 0.0000
-21566676.7183 57579.6526 0.0000 0.0000
0.0000 0.0000 2549980368.6479 -3671817.0036
0.0000 0.0000 -3671817.0036 210075.0623
# 
# 
# Cov_xy42
# ----------------------------
32077218979.9354 -21566676.7183 0.0000 0.0000
-21566676.7183 57579.6526 0.0000 0.0000
0.0000 0.0000 14905134229.1110 -10658161.0056
0.0000 0.0000 -10658161.0056 142775.7773
# 
# 
# Cov_xy43
# ----------------------------
32077218979.9354 -21566676.7183 28065942648.1322 -14274427.6164
-21566676.7183 57579.6526 -40555110.0065 38110.4884
28065942648.1322 -40555110.0065 568301995.5129 10926239.7299
-14274427.6164 38110.4884 10926239.7299 320991.6299
# 
# 
# Cov_xy44
# ----------------------------
32077218979.9354 -21566676.7183 24348847093.6386 -11202842.3637
-21566676.7183 57579.6526 -40565763.0000 29909.8364
24348847093.6386 -40565763.0000 32077218979.9354 -21566676.7183
-11202842.3637 29909.8364 -21566676.7183 57579.6526
# 
# 
# Cov_xy45
# ----------------------------
32077218979.9354 -21566676.7183 -2897330381.6712 -10397521.2318
-21566676.7183 57579.6526 17732001.6944 27759.7549
-2897330381.6712 17732001.6944 2989542696.9676 -1865457.1493
-10397521.2318 27759.7549 -1865457.1493 15222.7643
# 
# 
# Cov_xy46
# ----------------------------
32077218979.9354 -21566676.7183 0.0000 0.0000
-21566676.7183 57579.6526 0.0000 0.0000
0.0000 0.0000 919904099.4751 -1034336.4654
0.0000 0.0000 -1034336.4654 2371.7762
# 
# 
# Cov_xy50
# ----------------------------
2989542696.9676 -1865457.1493 0.0000 0.0000
-1865457.1493 15222.7643 0.0000 0.0000
0.0000 0.0000 3072337.7861 -65295.4896
0.0000 0.0000 -65295.4896 255412.0206
# 
# 
# Cov_xy51
# ----------------------------
2989542696.9676 -1865457.1493 0.0000 0.0000
-1865457.1493 15222.7643 0.0000 0.0000
0.0000 0.0000 2549980368.6479 -3671817.0036
0.0000 0.0000 -3671817.0036 210075.0623
# 
# 
# Cov_xy52
# ----------------------------
2989542696.9676 -1865457.1493 0.0000 0.0000
-1865457.1493 15222.7643 0.0000 0.0000
0.0000 0.0000 14905134229.1110 -10658161.0056
0.0000 0.0000 -10658161.0056 142775.7773
# 
# 
# Cov_xy53
# ----------------------------
2989542696.9676 -1865457.1493 1491040434.1851 0.0000
-1865457.1493 15222.7643 -902283.0461 0.0000
1491040434.1851 -902283.0461 568301995.5129 10926239.7299
0.0000 0.0000 10926239.7299 320991.6299
# 
# 
# Cov_xy54
# ----------------------------
2989542696.9676 -1865457.1493 -2503315091.9195 -2365839.3719
-1865457.1493 15222.7643 5141016.0825 19306.0533
-2503315091.9195 5141016.0825 32077218979.9354 -21566676.7183
-2365839.3719 19306.0533 -21566676.7183 57579.6526
# 
# 
# Cov_xy55
# ----------------------------
2989542696.9676 -1865457.1493 2266941887.1592 -596401.8960
-1865457.1493 15222.7643 -5640458.9389 4866.8421
2266941887.1592 -5640458.9389 2989542696.9676 -1865457.1493
-596401.8960 4866.8421 -1865457.1493 15222.7643
# 
# 
# Cov_xy56
# ----------------------------
2989542696.9676 -1865457.1493 0.0000 -522328.0018
-1865457.1493 15222.7643 0.0000 4262.3740
0.0000 0.0000 919904099.4751 -1034336.4654
-522328.0018 4262.3740 -1034336.4654 2371.7762
# 
# 
# Cov_xy60
# ----------------------------
919904099.4751 -1034336.4654 0.0000 0.0000
-1034336.4654 2371.7762 0.0000 0.0000
0.0000 0.0000 3072337.7861 -65295.4896
0.0000 0.0000 -65295.4896 255412.0206
# 
# 
# Cov_xy61
# ----------------------------
919904099.4751 -1034336.4654 0.0000 0.0000
-1034336.4654 2371.7762 0.0000 0.0000
0.0000 0.0000 2549980368.6479 -3671817.0036
0.0000 0.0000 -3671817.0036 210075.0623
# 
# 
# Cov_xy62
# ----------------------------
919904099.4751 -1034336.4654 0.0000 0.0000
-1034336.4654 2371.7762 0.0000 0.0000
0.0000 0.0000 14905134229.1110 -10658161.0056
0.0000 0.0000 -10658161.0056 142775.7773
# 
# 
# Cov_xy63
# ----------------------------
919904099.4751 -1034336.4654 0.0000 0.0000
-1034336.4654 2371.7762 0.0000 0.0000
0.0000 0.0000 568301995.5129 10926239.7299
0.0000 0.0000 10926239.7299 320991.6299
# 
# 
# Cov_xy64
# ----------------------------
919904099.4751 -1034336.4654 0.0000 0.0000
-1034336.4654 2371.7762 0.0000 0.0000
0.0000 0.0000 32077218979.9354 -21566676.7183
0.0000 0.0000 -21566676.7183 57579.6526
# 
# 
# Cov_xy65
# ----------------------------
919904099.4751 -1034336.4654 -298442564.7868 478136.6680
-1034336.4654 2371.7762 684341.1274 -1096.3871
-298442564.7868 684341.1274 2989542696.9676 -1865457.1493
478136.6680 -1096.3871 -1865457.1493 15222.7643
# 
# 
# Cov_xy66
# ----------------------------
919904099.4751 -1034336.4654 805928469.5891 -742722.4687
-1034336.4654 2371.7762 -1414216.4266 1703.0933
805928469.5891 -1414216.4266 919904099.4751 -1034336.4654
-742722.4687 1703.0933 -1034336.4654 2371.7762
# 
# 
# mean of X
# ================================
64.2053
151.7571
292.6616
442.7732
569.6119
726.0369
934.3170
# 
# 
# mean of Y
# ================================
101.6872
103.1905
103.1608
100.5664
100.7457
99.8491
93.9729
# 
# 
